NNLSSI1 solar spectral irradiance bands in units of W/m2   ID=1
NNLSSI1 solar spectral irradiance projection with Schwabe cycle period = 10.9 years    ID=2
Upper and Lower bounds of the irradiance projections are provided (otherwise set to -99). 
time (yyyy-MM-dd), 0-100 nm, 0-100 nm (lower), 0-100 nm (upper), 100-200 nm, 100-200 nm (lower), 100-200 nm (upper),200-300 nm, 200-300 nm (lower), 200-300 nm (upper),300-400 nm, 300-400 nm (lower), 300-400 nm (upper),0-200000 nm, 0-200000 nm (lower), 0-200000 nm (upper) ID
1610-07-01,0.0028863987,-99.0,-99.0,0.10317122,-99.0,-99.0,14.560899,-99.0,-99.0,93.587223,-99.0,-99.0,1361.3351,-99.0,-99.0,1
1611-07-01,0.0033042353,-99.0,-99.0,0.10456801,-99.0,-99.0,14.579952,-99.0,-99.0,93.620633,-99.0,-99.0,1361.4655,-99.0,-99.0,1
1612-07-01,0.0046876561,-99.0,-99.0,0.10912155,-99.0,-99.0,14.641155,-99.0,-99.0,93.724015,-99.0,-99.0,1361.8430,-99.0,-99.0,1
1613-07-01,0.0045981021,-99.0,-99.0,0.10882930,-99.0,-99.0,14.637260,-99.0,-99.0,93.717579,-99.0,-99.0,1361.8205,-99.0,-99.0,1
1614-07-01,0.0050453508,-99.0,-99.0,0.11028612,-99.0,-99.0,14.656642,-99.0,-99.0,93.749444,-99.0,-99.0,1361.9309,-99.0,-99.0,1
1615-07-01,0.0055163122,-99.0,-99.0,0.11181345,-99.0,-99.0,14.676874,-99.0,-99.0,93.782313,-99.0,-99.0,1362.0421,-99.0,-99.0,1
1616-07-01,0.0027865025,-99.0,-99.0,0.10283524,-99.0,-99.0,14.556290,-99.0,-99.0,93.579027,-99.0,-99.0,1361.3023,-99.0,-99.0,1
1617-07-01,0.0022025308,-99.0,-99.0,0.10085066,-99.0,-99.0,14.528807,-99.0,-99.0,93.529034,-99.0,-99.0,1361.0955,-99.0,-99.0,1
1618-07-01,0.0021744677,-99.0,-99.0,0.10075423,-99.0,-99.0,14.527458,-99.0,-99.0,93.526524,-99.0,-99.0,1361.0847,-99.0,-99.0,1
1619-07-01,0.0025969014,-99.0,-99.0,0.10219499,-99.0,-99.0,14.547476,-99.0,-99.0,93.563213,-99.0,-99.0,1361.2383,-99.0,-99.0,1
1620-07-01,0.0025969014,-99.0,-99.0,0.10219499,-99.0,-99.0,14.547476,-99.0,-99.0,93.563213,-99.0,-99.0,1361.2383,-99.0,-99.0,1
1621-07-01,0.0025969014,-99.0,-99.0,0.10219499,-99.0,-99.0,14.547476,-99.0,-99.0,93.563213,-99.0,-99.0,1361.2383,-99.0,-99.0,1
1622-07-01,0.0025969014,-99.0,-99.0,0.10219499,-99.0,-99.0,14.547476,-99.0,-99.0,93.563213,-99.0,-99.0,1361.2383,-99.0,-99.0,1
1623-07-01,0.0025969014,-99.0,-99.0,0.10219499,-99.0,-99.0,14.547476,-99.0,-99.0,93.563213,-99.0,-99.0,1361.2383,-99.0,-99.0,1
1624-07-01,0.0024259173,-99.0,-99.0,0.10161444,-99.0,-99.0,14.539442,-99.0,-99.0,93.548629,-99.0,-99.0,1361.1781,-99.0,-99.0,1
1625-07-01,0.0036698135,-99.0,-99.0,0.10578056,-99.0,-99.0,14.596369,-99.0,-99.0,93.648893,-99.0,-99.0,1361.5723,-99.0,-99.0,1
1626-07-01,0.0030307755,-99.0,-99.0,0.10365535,-99.0,-99.0,14.567522,-99.0,-99.0,93.598918,-99.0,-99.0,1361.3813,-99.0,-99.0,1
1627-07-01,0.0026532323,-99.0,-99.0,0.10238558,-99.0,-99.0,14.550104,-99.0,-99.0,93.567949,-99.0,-99.0,1361.2576,-99.0,-99.0,1
1628-07-01,0.0028938872,-99.0,-99.0,0.10319638,-99.0,-99.0,14.561244,-99.0,-99.0,93.587834,-99.0,-99.0,1361.3375,-99.0,-99.0,1
1629-07-01,0.0027283587,-99.0,-99.0,0.10263926,-99.0,-99.0,14.553597,-99.0,-99.0,93.574215,-99.0,-99.0,1361.2830,-99.0,-99.0,1
1630-07-01,0.0024899897,-99.0,-99.0,0.10183237,-99.0,-99.0,14.542463,-99.0,-99.0,93.554133,-99.0,-99.0,1361.2010,-99.0,-99.0,1
1631-07-01,0.0022657795,-99.0,-99.0,0.10106758,-99.0,-99.0,14.531836,-99.0,-99.0,93.534650,-99.0,-99.0,1361.1194,-99.0,-99.0,1
1632-07-01,0.0021374378,-99.0,-99.0,0.10062681,-99.0,-99.0,14.525674,-99.0,-99.0,93.523193,-99.0,-99.0,1361.0704,-99.0,-99.0,1
1633-07-01,0.0031557841,-99.0,-99.0,0.10407322,-99.0,-99.0,14.573221,-99.0,-99.0,93.608912,-99.0,-99.0,1361.4202,-99.0,-99.0,1
1634-07-01,0.0024326103,-99.0,-99.0,0.10163723,-99.0,-99.0,14.539759,-99.0,-99.0,93.549206,-99.0,-99.0,1361.1805,-99.0,-99.0,1
1635-07-01,0.0025864259,-99.0,-99.0,0.10215952,-99.0,-99.0,14.546986,-99.0,-99.0,93.562329,-99.0,-99.0,1361.2347,-99.0,-99.0,1
1636-07-01,0.0032623550,-99.0,-99.0,0.10442857,-99.0,-99.0,14.578057,-99.0,-99.0,93.617342,-99.0,-99.0,1361.4528,-99.0,-99.0,1
1637-07-01,0.0040371252,-99.0,-99.0,0.10699152,-99.0,-99.0,14.612671,-99.0,-99.0,93.676540,-99.0,-99.0,1361.6740,-99.0,-99.0,1
1638-07-01,0.0049107409,-99.0,-99.0,0.10984836,-99.0,-99.0,14.650827,-99.0,-99.0,93.739924,-99.0,-99.0,1361.8982,-99.0,-99.0,1
1639-07-01,0.0053261578,-99.0,-99.0,0.11119754,-99.0,-99.0,14.668726,-99.0,-99.0,93.769120,-99.0,-99.0,1361.9978,-99.0,-99.0,1
1640-07-01,0.0025969014,-99.0,-99.0,0.10219499,-99.0,-99.0,14.547476,-99.0,-99.0,93.563213,-99.0,-99.0,1361.2383,-99.0,-99.0,1
1641-07-01,0.0032094638,-99.0,-99.0,0.10425231,-99.0,-99.0,14.575660,-99.0,-99.0,93.613168,-99.0,-99.0,1361.4367,-99.0,-99.0,1
1642-07-01,0.0039038816,-99.0,-99.0,0.10655301,-99.0,-99.0,14.606778,-99.0,-99.0,93.666589,-99.0,-99.0,1361.6377,-99.0,-99.0,1
1643-07-01,0.0027247504,-99.0,-99.0,0.10262709,-99.0,-99.0,14.553429,-99.0,-99.0,93.573915,-99.0,-99.0,1361.2818,-99.0,-99.0,1
1644-07-01,0.0025138744,-99.0,-99.0,0.10191349,-99.0,-99.0,14.543586,-99.0,-99.0,93.556172,-99.0,-99.0,1361.2094,-99.0,-99.0,1
1645-07-01,0.0021374378,-99.0,-99.0,0.10062681,-99.0,-99.0,14.525674,-99.0,-99.0,93.523193,-99.0,-99.0,1361.0704,-99.0,-99.0,1
1646-07-01,0.0021374378,-99.0,-99.0,0.10062681,-99.0,-99.0,14.525674,-99.0,-99.0,93.523193,-99.0,-99.0,1361.0704,-99.0,-99.0,1
1647-07-01,0.0021374378,-99.0,-99.0,0.10062681,-99.0,-99.0,14.525674,-99.0,-99.0,93.523193,-99.0,-99.0,1361.0704,-99.0,-99.0,1
1648-07-01,0.0021374378,-99.0,-99.0,0.10062681,-99.0,-99.0,14.525674,-99.0,-99.0,93.523193,-99.0,-99.0,1361.0704,-99.0,-99.0,1
1649-07-01,0.0021374378,-99.0,-99.0,0.10062681,-99.0,-99.0,14.525674,-99.0,-99.0,93.523193,-99.0,-99.0,1361.0704,-99.0,-99.0,1
1650-07-01,0.0021374378,-99.0,-99.0,0.10062681,-99.0,-99.0,14.525674,-99.0,-99.0,93.523193,-99.0,-99.0,1361.0704,-99.0,-99.0,1
1651-07-01,0.0021374378,-99.0,-99.0,0.10062681,-99.0,-99.0,14.525674,-99.0,-99.0,93.523193,-99.0,-99.0,1361.0704,-99.0,-99.0,1
1652-07-01,0.0022625882,-99.0,-99.0,0.10105665,-99.0,-99.0,14.531684,-99.0,-99.0,93.534368,-99.0,-99.0,1361.1182,-99.0,-99.0,1
1653-07-01,0.0021620749,-99.0,-99.0,0.10071161,-99.0,-99.0,14.526862,-99.0,-99.0,93.525412,-99.0,-99.0,1361.0800,-99.0,-99.0,1
1654-07-01,0.0021589845,-99.0,-99.0,0.10070098,-99.0,-99.0,14.526713,-99.0,-99.0,93.525134,-99.0,-99.0,1361.0788,-99.0,-99.0,1
1655-07-01,0.0021528130,-99.0,-99.0,0.10067974,-99.0,-99.0,14.526416,-99.0,-99.0,93.524579,-99.0,-99.0,1361.0764,-99.0,-99.0,1
1656-07-01,0.0021374378,-99.0,-99.0,0.10062681,-99.0,-99.0,14.525674,-99.0,-99.0,93.523193,-99.0,-99.0,1361.0704,-99.0,-99.0,1
1657-07-01,0.0021405061,-99.0,-99.0,0.10063738,-99.0,-99.0,14.525822,-99.0,-99.0,93.523470,-99.0,-99.0,1361.0716,-99.0,-99.0,1
1658-07-01,0.0021374378,-99.0,-99.0,0.10062681,-99.0,-99.0,14.525674,-99.0,-99.0,93.523193,-99.0,-99.0,1361.0704,-99.0,-99.0,1
1659-07-01,0.0021374378,-99.0,-99.0,0.10062681,-99.0,-99.0,14.525674,-99.0,-99.0,93.523193,-99.0,-99.0,1361.0704,-99.0,-99.0,1
1660-07-01,0.0022025308,-99.0,-99.0,0.10085066,-99.0,-99.0,14.528807,-99.0,-99.0,93.529034,-99.0,-99.0,1361.0955,-99.0,-99.0,1
1661-07-01,0.0021651698,-99.0,-99.0,0.10072225,-99.0,-99.0,14.527011,-99.0,-99.0,93.525689,-99.0,-99.0,1361.0812,-99.0,-99.0,1
1662-07-01,0.0021374378,-99.0,-99.0,0.10062681,-99.0,-99.0,14.525674,-99.0,-99.0,93.523193,-99.0,-99.0,1361.0704,-99.0,-99.0,1
1663-07-01,0.0021374378,-99.0,-99.0,0.10062681,-99.0,-99.0,14.525674,-99.0,-99.0,93.523193,-99.0,-99.0,1361.0704,-99.0,-99.0,1
1664-07-01,0.0021374378,-99.0,-99.0,0.10062681,-99.0,-99.0,14.525674,-99.0,-99.0,93.523193,-99.0,-99.0,1361.0704,-99.0,-99.0,1
1665-07-01,0.0021374378,-99.0,-99.0,0.10062681,-99.0,-99.0,14.525674,-99.0,-99.0,93.523193,-99.0,-99.0,1361.0704,-99.0,-99.0,1
1666-07-01,0.0021374378,-99.0,-99.0,0.10062681,-99.0,-99.0,14.525674,-99.0,-99.0,93.523193,-99.0,-99.0,1361.0704,-99.0,-99.0,1
1667-07-01,0.0021374378,-99.0,-99.0,0.10062681,-99.0,-99.0,14.525674,-99.0,-99.0,93.523193,-99.0,-99.0,1361.0704,-99.0,-99.0,1
1668-07-01,0.0021374378,-99.0,-99.0,0.10062681,-99.0,-99.0,14.525674,-99.0,-99.0,93.523193,-99.0,-99.0,1361.0704,-99.0,-99.0,1
1669-07-01,0.0021374378,-99.0,-99.0,0.10062681,-99.0,-99.0,14.525674,-99.0,-99.0,93.523193,-99.0,-99.0,1361.0704,-99.0,-99.0,1
1670-07-01,0.0021374378,-99.0,-99.0,0.10062681,-99.0,-99.0,14.525674,-99.0,-99.0,93.523193,-99.0,-99.0,1361.0704,-99.0,-99.0,1
1671-07-01,0.0021651698,-99.0,-99.0,0.10072225,-99.0,-99.0,14.527011,-99.0,-99.0,93.525689,-99.0,-99.0,1361.0812,-99.0,-99.0,1
1672-07-01,0.0021497319,-99.0,-99.0,0.10066914,-99.0,-99.0,14.526267,-99.0,-99.0,93.524301,-99.0,-99.0,1361.0752,-99.0,-99.0,1
1673-07-01,0.0021374378,-99.0,-99.0,0.10062681,-99.0,-99.0,14.525674,-99.0,-99.0,93.523193,-99.0,-99.0,1361.0704,-99.0,-99.0,1
1674-07-01,0.0021435779,-99.0,-99.0,0.10064795,-99.0,-99.0,14.525970,-99.0,-99.0,93.523747,-99.0,-99.0,1361.0728,-99.0,-99.0,1
1675-07-01,0.0021374378,-99.0,-99.0,0.10062681,-99.0,-99.0,14.525674,-99.0,-99.0,93.523193,-99.0,-99.0,1361.0704,-99.0,-99.0,1
1676-07-01,0.0022087998,-99.0,-99.0,0.10087219,-99.0,-99.0,14.529108,-99.0,-99.0,93.529593,-99.0,-99.0,1361.0979,-99.0,-99.0,1
1677-07-01,0.0021497319,-99.0,-99.0,0.10066914,-99.0,-99.0,14.526267,-99.0,-99.0,93.524301,-99.0,-99.0,1361.0752,-99.0,-99.0,1
1678-07-01,0.0021435779,-99.0,-99.0,0.10064795,-99.0,-99.0,14.525970,-99.0,-99.0,93.523747,-99.0,-99.0,1361.0728,-99.0,-99.0,1
1679-07-01,0.0021374378,-99.0,-99.0,0.10062681,-99.0,-99.0,14.525674,-99.0,-99.0,93.523193,-99.0,-99.0,1361.0704,-99.0,-99.0,1
1680-07-01,0.0021620749,-99.0,-99.0,0.10071161,-99.0,-99.0,14.526862,-99.0,-99.0,93.525412,-99.0,-99.0,1361.0800,-99.0,-99.0,1
1681-07-01,0.0021374378,-99.0,-99.0,0.10062681,-99.0,-99.0,14.525674,-99.0,-99.0,93.523193,-99.0,-99.0,1361.0704,-99.0,-99.0,1
1682-07-01,0.0021374378,-99.0,-99.0,0.10062681,-99.0,-99.0,14.525674,-99.0,-99.0,93.523193,-99.0,-99.0,1361.0704,-99.0,-99.0,1
1683-07-01,0.0021374378,-99.0,-99.0,0.10062681,-99.0,-99.0,14.525674,-99.0,-99.0,93.523193,-99.0,-99.0,1361.0704,-99.0,-99.0,1
1684-07-01,0.0021900276,-99.0,-99.0,0.10080771,-99.0,-99.0,14.528207,-99.0,-99.0,93.527917,-99.0,-99.0,1361.0907,-99.0,-99.0,1
1685-07-01,0.0021374378,-99.0,-99.0,0.10062681,-99.0,-99.0,14.525674,-99.0,-99.0,93.523193,-99.0,-99.0,1361.0704,-99.0,-99.0,1
1686-07-01,0.0021558975,-99.0,-99.0,0.10069036,-99.0,-99.0,14.526564,-99.0,-99.0,93.524856,-99.0,-99.0,1361.0776,-99.0,-99.0,1
1687-07-01,0.0021374378,-99.0,-99.0,0.10062681,-99.0,-99.0,14.525674,-99.0,-99.0,93.523193,-99.0,-99.0,1361.0704,-99.0,-99.0,1
1688-07-01,0.0021558975,-99.0,-99.0,0.10069036,-99.0,-99.0,14.526564,-99.0,-99.0,93.524856,-99.0,-99.0,1361.0776,-99.0,-99.0,1
1689-07-01,0.0021589845,-99.0,-99.0,0.10070098,-99.0,-99.0,14.526713,-99.0,-99.0,93.525134,-99.0,-99.0,1361.0788,-99.0,-99.0,1
1690-07-01,0.0021374378,-99.0,-99.0,0.10062681,-99.0,-99.0,14.525674,-99.0,-99.0,93.523193,-99.0,-99.0,1361.0704,-99.0,-99.0,1
1691-07-01,0.0021374378,-99.0,-99.0,0.10062681,-99.0,-99.0,14.525674,-99.0,-99.0,93.523193,-99.0,-99.0,1361.0704,-99.0,-99.0,1
1692-07-01,0.0021374378,-99.0,-99.0,0.10062681,-99.0,-99.0,14.525674,-99.0,-99.0,93.523193,-99.0,-99.0,1361.0704,-99.0,-99.0,1
1693-07-01,0.0021374378,-99.0,-99.0,0.10062681,-99.0,-99.0,14.525674,-99.0,-99.0,93.523193,-99.0,-99.0,1361.0704,-99.0,-99.0,1
1694-07-01,0.0021374378,-99.0,-99.0,0.10062681,-99.0,-99.0,14.525674,-99.0,-99.0,93.523193,-99.0,-99.0,1361.0704,-99.0,-99.0,1
1695-07-01,0.0021405061,-99.0,-99.0,0.10063738,-99.0,-99.0,14.525822,-99.0,-99.0,93.523470,-99.0,-99.0,1361.0716,-99.0,-99.0,1
1696-07-01,0.0021374378,-99.0,-99.0,0.10062681,-99.0,-99.0,14.525674,-99.0,-99.0,93.523193,-99.0,-99.0,1361.0704,-99.0,-99.0,1
1697-07-01,0.0021374378,-99.0,-99.0,0.10062681,-99.0,-99.0,14.525674,-99.0,-99.0,93.523193,-99.0,-99.0,1361.0704,-99.0,-99.0,1
1698-07-01,0.0021374378,-99.0,-99.0,0.10062681,-99.0,-99.0,14.525674,-99.0,-99.0,93.523193,-99.0,-99.0,1361.0704,-99.0,-99.0,1
1699-07-01,0.0021374378,-99.0,-99.0,0.10062681,-99.0,-99.0,14.525674,-99.0,-99.0,93.523193,-99.0,-99.0,1361.0704,-99.0,-99.0,1
1700-07-01,0.0022286851,-99.0,-99.0,0.10094424,-99.0,-99.0,14.530134,-99.0,-99.0,93.531579,-99.0,-99.0,1361.1068,-99.0,-99.0,1
1701-07-01,0.0023635337,-99.0,-99.0,0.10138801,-99.0,-99.0,14.536298,-99.0,-99.0,93.542876,-99.0,-99.0,1361.1541,-99.0,-99.0,1
1702-07-01,0.0024921444,-99.0,-99.0,0.10180834,-99.0,-99.0,14.542105,-99.0,-99.0,93.553383,-99.0,-99.0,1361.1973,-99.0,-99.0,1
1703-07-01,0.0026867867,-99.0,-99.0,0.10243963,-99.0,-99.0,14.550771,-99.0,-99.0,93.568830,-99.0,-99.0,1361.2592,-99.0,-99.0,1
1704-07-01,0.0029619210,-99.0,-99.0,0.10332476,-99.0,-99.0,14.562841,-99.0,-99.0,93.589993,-99.0,-99.0,1361.3418,-99.0,-99.0,1
1705-07-01,0.0034676545,-99.0,-99.0,0.10493250,-99.0,-99.0,14.584548,-99.0,-99.0,93.627109,-99.0,-99.0,1361.4804,-99.0,-99.0,1
1706-07-01,0.0030259050,-99.0,-99.0,0.10352766,-99.0,-99.0,14.565581,-99.0,-99.0,93.594677,-99.0,-99.0,1361.3592,-99.0,-99.0,1
1707-07-01,0.0027350847,-99.0,-99.0,0.10259416,-99.0,-99.0,14.552881,-99.0,-99.0,93.572538,-99.0,-99.0,1361.2737,-99.0,-99.0,1
1708-07-01,0.0025362325,-99.0,-99.0,0.10194920,-99.0,-99.0,14.544032,-99.0,-99.0,93.556793,-99.0,-99.0,1361.2108,-99.0,-99.0,1
1709-07-01,0.0024024250,-99.0,-99.0,0.10151254,-99.0,-99.0,14.538013,-99.0,-99.0,93.545959,-99.0,-99.0,1361.1667,-99.0,-99.0,1
1710-07-01,0.0022863814,-99.0,-99.0,0.10113119,-99.0,-99.0,14.532728,-99.0,-99.0,93.536322,-99.0,-99.0,1361.1266,-99.0,-99.0,1
1711-07-01,0.0021741880,-99.0,-99.0,0.10076033,-99.0,-99.0,14.527564,-99.0,-99.0,93.526806,-99.0,-99.0,1361.0865,-99.0,-99.0,1
1712-07-01,0.0021430938,-99.0,-99.0,0.10065688,-99.0,-99.0,14.526119,-99.0,-99.0,93.524120,-99.0,-99.0,1361.0750,-99.0,-99.0,1
1713-07-01,0.0021805451,-99.0,-99.0,0.10078379,-99.0,-99.0,14.527896,-99.0,-99.0,93.527439,-99.0,-99.0,1361.0893,-99.0,-99.0,1
1714-07-01,0.0023234523,-99.0,-99.0,0.10126742,-99.0,-99.0,14.534655,-99.0,-99.0,93.539999,-99.0,-99.0,1361.1429,-99.0,-99.0,1
1715-07-01,0.0026974596,-99.0,-99.0,0.10250098,-99.0,-99.0,14.551707,-99.0,-99.0,93.570892,-99.0,-99.0,1361.2700,-99.0,-99.0,1
1716-07-01,0.0030793105,-99.0,-99.0,0.10374399,-99.0,-99.0,14.568711,-99.0,-99.0,93.600937,-99.0,-99.0,1361.3887,-99.0,-99.0,1
1717-07-01,0.0035892271,-99.0,-99.0,0.10537958,-99.0,-99.0,14.590850,-99.0,-99.0,93.639040,-99.0,-99.0,1361.5327,-99.0,-99.0,1
1718-07-01,0.0034518600,-99.0,-99.0,0.10496066,-99.0,-99.0,14.585295,-99.0,-99.0,93.629980,-99.0,-99.0,1361.5018,-99.0,-99.0,1
1719-07-01,0.0034060498,-99.0,-99.0,0.10483024,-99.0,-99.0,14.583602,-99.0,-99.0,93.627379,-99.0,-99.0,1361.4941,-99.0,-99.0,1
1720-07-01,0.0030692329,-99.0,-99.0,0.10377009,-99.0,-99.0,14.569305,-99.0,-99.0,93.603005,-99.0,-99.0,1361.4035,-99.0,-99.0,1
1721-07-01,0.0029606822,-99.0,-99.0,0.10343571,-99.0,-99.0,14.564808,-99.0,-99.0,93.595388,-99.0,-99.0,1361.3755,-99.0,-99.0,1
1722-07-01,0.0027398461,-99.0,-99.0,0.10273434,-99.0,-99.0,14.555243,-99.0,-99.0,93.578610,-99.0,-99.0,1361.3100,-99.0,-99.0,1
1723-07-01,0.0024224035,-99.0,-99.0,0.10170490,-99.0,-99.0,14.541022,-99.0,-99.0,93.552875,-99.0,-99.0,1361.2044,-99.0,-99.0,1
1724-07-01,0.0026826765,-99.0,-99.0,0.10255941,-99.0,-99.0,14.552866,-99.0,-99.0,93.574477,-99.0,-99.0,1361.2941,-99.0,-99.0,1
1725-07-01,0.0029673285,-99.0,-99.0,0.10347825,-99.0,-99.0,14.565468,-99.0,-99.0,93.596886,-99.0,-99.0,1361.3836,-99.0,-99.0,1
1726-07-01,0.0037540449,-99.0,-99.0,0.10598034,-99.0,-99.0,14.599298,-99.0,-99.0,93.654945,-99.0,-99.0,1361.6019,-99.0,-99.0,1
1727-07-01,0.0045994289,-99.0,-99.0,0.10862170,-99.0,-99.0,14.634475,-99.0,-99.0,93.712966,-99.0,-99.0,1361.8043,-99.0,-99.0,1
1728-07-01,0.0049166360,-99.0,-99.0,0.10959984,-99.0,-99.0,14.647377,-99.0,-99.0,93.733692,-99.0,-99.0,1361.8728,-99.0,-99.0,1
1729-07-01,0.0041446875,-99.0,-99.0,0.10718650,-99.0,-99.0,14.615298,-99.0,-99.0,93.681055,-99.0,-99.0,1361.6911,-99.0,-99.0,1
1730-07-01,0.0040285209,-99.0,-99.0,0.10681981,-99.0,-99.0,14.610417,-99.0,-99.0,93.673021,-99.0,-99.0,1361.6631,-99.0,-99.0,1
1731-07-01,0.0030408171,-99.0,-99.0,0.10367884,-99.0,-99.0,14.568045,-99.0,-99.0,93.600722,-99.0,-99.0,1361.3941,-99.0,-99.0,1
1732-07-01,0.0027038720,-99.0,-99.0,0.10258772,-99.0,-99.0,14.553130,-99.0,-99.0,93.574419,-99.0,-99.0,1361.2905,-99.0,-99.0,1
1733-07-01,0.0023590260,-99.0,-99.0,0.10145202,-99.0,-99.0,14.537393,-99.0,-99.0,93.545739,-99.0,-99.0,1361.1715,-99.0,-99.0,1
1734-07-01,0.0023699006,-99.0,-99.0,0.10148466,-99.0,-99.0,14.537841,-99.0,-99.0,93.546541,-99.0,-99.0,1361.1747,-99.0,-99.0,1
1735-07-01,0.0029366790,-99.0,-99.0,0.10332890,-99.0,-99.0,14.563231,-99.0,-99.0,93.592107,-99.0,-99.0,1361.3593,-99.0,-99.0,1
1736-07-01,0.0040506988,-99.0,-99.0,0.10686081,-99.0,-99.0,14.610816,-99.0,-99.0,93.673029,-99.0,-99.0,1361.6586,-99.0,-99.0,1
1737-07-01,0.0041492163,-99.0,-99.0,0.10716811,-99.0,-99.0,14.614912,-99.0,-99.0,93.679802,-99.0,-99.0,1361.6824,-99.0,-99.0,1
1738-07-01,0.0045029154,-99.0,-99.0,0.10826909,-99.0,-99.0,14.629525,-99.0,-99.0,93.703682,-99.0,-99.0,1361.7642,-99.0,-99.0,1
1739-07-01,0.0047763082,-99.0,-99.0,0.10911529,-99.0,-99.0,14.640704,-99.0,-99.0,93.721718,-99.0,-99.0,1361.8243,-99.0,-99.0,1
1740-07-01,0.0037144966,-99.0,-99.0,0.10579519,-99.0,-99.0,14.596524,-99.0,-99.0,93.649011,-99.0,-99.0,1361.5718,-99.0,-99.0,1
1741-07-01,0.0039132272,-99.0,-99.0,0.10641895,-99.0,-99.0,14.604868,-99.0,-99.0,93.662938,-99.0,-99.0,1361.6215,-99.0,-99.0,1
1742-07-01,0.0030639988,-99.0,-99.0,0.10372240,-99.0,-99.0,14.568516,-99.0,-99.0,93.601022,-99.0,-99.0,1361.3918,-99.0,-99.0,1
1743-07-01,0.0026150051,-99.0,-99.0,0.10227282,-99.0,-99.0,14.548711,-99.0,-99.0,93.566133,-99.0,-99.0,1361.2546,-99.0,-99.0,1
1744-07-01,0.0023052764,-99.0,-99.0,0.10125400,-99.0,-99.0,14.534584,-99.0,-99.0,93.540351,-99.0,-99.0,1361.1474,-99.0,-99.0,1
1745-07-01,0.0023271155,-99.0,-99.0,0.10132848,-99.0,-99.0,14.535632,-99.0,-99.0,93.542329,-99.0,-99.0,1361.1560,-99.0,-99.0,1
1746-07-01,0.0025162173,-99.0,-99.0,0.10195324,-99.0,-99.0,14.544308,-99.0,-99.0,93.558216,-99.0,-99.0,1361.2225,-99.0,-99.0,1
1747-07-01,0.0028182762,-99.0,-99.0,0.10293801,-99.0,-99.0,14.557852,-99.0,-99.0,93.582466,-99.0,-99.0,1361.3204,-99.0,-99.0,1
1748-07-01,0.0041625541,-99.0,-99.0,0.10720632,-99.0,-99.0,14.615388,-99.0,-99.0,93.680439,-99.0,-99.0,1361.6836,-99.0,-99.0,1
1749-07-01,0.0043342420,-99.0,-99.0,0.10774939,-99.0,-99.0,14.622662,-99.0,-99.0,93.692622,-99.0,-99.0,1361.7274,-99.0,-99.0,1
1750-07-01,0.0044987471,-99.0,-99.0,0.10826582,-99.0,-99.0,14.629534,-99.0,-99.0,93.703929,-99.0,-99.0,1361.7666,-99.0,-99.0,1
1751-07-01,0.0038150665,-99.0,-99.0,0.10612925,-99.0,-99.0,14.601082,-99.0,-99.0,93.657012,-99.0,-99.0,1361.6030,-99.0,-99.0,1
1752-07-01,0.0035106627,-99.0,-99.0,0.10517221,-99.0,-99.0,14.588257,-99.0,-99.0,93.635503,-99.0,-99.0,1361.5255,-99.0,-99.0,1
1753-07-01,0.0030970666,-99.0,-99.0,0.10385808,-99.0,-99.0,14.570499,-99.0,-99.0,93.605068,-99.0,-99.0,1361.4114,-99.0,-99.0,1
1754-07-01,0.0026123321,-99.0,-99.0,0.10229327,-99.0,-99.0,14.549079,-99.0,-99.0,93.567161,-99.0,-99.0,1361.2611,-99.0,-99.0,1
1755-07-01,0.0023803878,-99.0,-99.0,0.10153517,-99.0,-99.0,14.538585,-99.0,-99.0,93.548080,-99.0,-99.0,1361.1822,-99.0,-99.0,1
1756-07-01,0.0023565148,-99.0,-99.0,0.10145949,-99.0,-99.0,14.537538,-99.0,-99.0,93.546178,-99.0,-99.0,1361.1744,-99.0,-99.0,1
1757-07-01,0.0029176081,-99.0,-99.0,0.10329546,-99.0,-99.0,14.562877,-99.0,-99.0,93.591924,-99.0,-99.0,1361.3615,-99.0,-99.0,1
1758-07-01,0.0034678033,-99.0,-99.0,0.10506177,-99.0,-99.0,14.586881,-99.0,-99.0,93.633651,-99.0,-99.0,1361.5220,-99.0,-99.0,1
1759-07-01,0.0036927120,-99.0,-99.0,0.10577935,-99.0,-99.0,14.596564,-99.0,-99.0,93.650180,-99.0,-99.0,1361.5835,-99.0,-99.0,1
1760-07-01,0.0038735293,-99.0,-99.0,0.10635486,-99.0,-99.0,14.604306,-99.0,-99.0,93.663293,-99.0,-99.0,1361.6316,-99.0,-99.0,1
1761-07-01,0.0044989965,-99.0,-99.0,0.10831982,-99.0,-99.0,14.630532,-99.0,-99.0,93.706806,-99.0,-99.0,1361.7852,-99.0,-99.0,1
1762-07-01,0.0039351032,-99.0,-99.0,0.10655990,-99.0,-99.0,14.607108,-99.0,-99.0,93.668233,-99.0,-99.0,1361.6511,-99.0,-99.0,1
1763-07-01,0.0034429165,-99.0,-99.0,0.10500868,-99.0,-99.0,14.586284,-99.0,-99.0,93.633151,-99.0,-99.0,1361.5236,-99.0,-99.0,1
1764-07-01,0.0032040135,-99.0,-99.0,0.10425113,-99.0,-99.0,14.576046,-99.0,-99.0,93.615597,-99.0,-99.0,1361.4577,-99.0,-99.0,1
1765-07-01,0.0026961095,-99.0,-99.0,0.10261291,-99.0,-99.0,14.553629,-99.0,-99.0,93.575957,-99.0,-99.0,1361.3008,-99.0,-99.0,1
1766-07-01,0.0024178182,-99.0,-99.0,0.10170282,-99.0,-99.0,14.541024,-99.0,-99.0,93.553011,-99.0,-99.0,1361.2057,-99.0,-99.0,1
1767-07-01,0.0031762527,-99.0,-99.0,0.10416895,-99.0,-99.0,14.574938,-99.0,-99.0,93.613711,-99.0,-99.0,1361.4507,-99.0,-99.0,1
1768-07-01,0.0043338962,-99.0,-99.0,0.10782805,-99.0,-99.0,14.624107,-99.0,-99.0,93.696757,-99.0,-99.0,1361.7540,-99.0,-99.0,1
1769-07-01,0.0052830916,-99.0,-99.0,0.11077407,-99.0,-99.0,14.663080,-99.0,-99.0,93.759876,-99.0,-99.0,1361.9661,-99.0,-99.0,1
1770-07-01,0.0052883419,-99.0,-99.0,0.11078883,-99.0,-99.0,14.663268,-99.0,-99.0,93.760147,-99.0,-99.0,1361.9668,-99.0,-99.0,1
1771-07-01,0.0049602054,-99.0,-99.0,0.10977339,-99.0,-99.0,14.649883,-99.0,-99.0,93.738687,-99.0,-99.0,1361.8962,-99.0,-99.0,1
1772-07-01,0.0044339759,-99.0,-99.0,0.10813513,-99.0,-99.0,14.628169,-99.0,-99.0,93.703333,-99.0,-99.0,1361.7761,-99.0,-99.0,1
1773-07-01,0.0034445419,-99.0,-99.0,0.10501855,-99.0,-99.0,14.586432,-99.0,-99.0,93.633469,-99.0,-99.0,1361.5252,-99.0,-99.0,1
1774-07-01,0.0031625506,-99.0,-99.0,0.10411647,-99.0,-99.0,14.574201,-99.0,-99.0,93.612328,-99.0,-99.0,1361.4447,-99.0,-99.0,1
1775-07-01,0.0024290456,-99.0,-99.0,0.10173005,-99.0,-99.0,14.541378,-99.0,-99.0,93.553558,-99.0,-99.0,1361.2074,-99.0,-99.0,1
1776-07-01,0.0026476235,-99.0,-99.0,0.10245168,-99.0,-99.0,14.551405,-99.0,-99.0,93.571946,-99.0,-99.0,1361.2844,-99.0,-99.0,1
1777-07-01,0.0041490408,-99.0,-99.0,0.10724302,-99.0,-99.0,14.616267,-99.0,-99.0,93.683607,-99.0,-99.0,1361.7066,-99.0,-99.0,1
1778-07-01,0.0057851225,-99.0,-99.0,0.11232136,-99.0,-99.0,14.683410,-99.0,-99.0,93.792177,-99.0,-99.0,1362.0703,-99.0,-99.0,1
1779-07-01,0.0056632934,-99.0,-99.0,0.11195270,-99.0,-99.0,14.678619,-99.0,-99.0,93.784801,-99.0,-99.0,1362.0482,-99.0,-99.0,1
1780-07-01,0.0048534323,-99.0,-99.0,0.10945480,-99.0,-99.0,14.645738,-99.0,-99.0,93.732283,-99.0,-99.0,1361.8769,-99.0,-99.0,1
1781-07-01,0.0045511186,-99.0,-99.0,0.10851959,-99.0,-99.0,14.633379,-99.0,-99.0,93.712325,-99.0,-99.0,1361.8102,-99.0,-99.0,1
1782-07-01,0.0034524358,-99.0,-99.0,0.10506508,-99.0,-99.0,14.587151,-99.0,-99.0,93.635093,-99.0,-99.0,1361.5339,-99.0,-99.0,1
1783-07-01,0.0030003301,-99.0,-99.0,0.10362062,-99.0,-99.0,14.567545,-99.0,-99.0,93.601109,-99.0,-99.0,1361.4039,-99.0,-99.0,1
1784-07-01,0.0024932538,-99.0,-99.0,0.10196805,-99.0,-99.0,14.544754,-99.0,-99.0,93.560037,-99.0,-99.0,1361.2363,-99.0,-99.0,1
1785-07-01,0.0026931319,-99.0,-99.0,0.10262082,-99.0,-99.0,14.553795,-99.0,-99.0,93.576495,-99.0,-99.0,1361.3045,-99.0,-99.0,1
1786-07-01,0.0041326961,-99.0,-99.0,0.10720620,-99.0,-99.0,14.615856,-99.0,-99.0,93.683283,-99.0,-99.0,1361.7079,-99.0,-99.0,1
1787-07-01,0.0054181853,-99.0,-99.0,0.11119251,-99.0,-99.0,14.668595,-99.0,-99.0,93.768714,-99.0,-99.0,1361.9952,-99.0,-99.0,1
1788-07-01,0.0057313441,-99.0,-99.0,0.11214763,-99.0,-99.0,14.681092,-99.0,-99.0,93.788336,-99.0,-99.0,1362.0567,-99.0,-99.0,1
1789-07-01,0.0054082141,-99.0,-99.0,0.11114284,-99.0,-99.0,14.667841,-99.0,-99.0,93.767062,-99.0,-99.0,1361.9866,-99.0,-99.0,1
1790-07-01,0.0048319939,-99.0,-99.0,0.10935150,-99.0,-99.0,14.644175,-99.0,-99.0,93.728879,-99.0,-99.0,1361.8593,-99.0,-99.0,1
1791-07-01,0.0041761004,-99.0,-99.0,0.10729764,-99.0,-99.0,14.616861,-99.0,-99.0,93.684003,-99.0,-99.0,1361.7039,-99.0,-99.0,1
1792-07-01,0.0040490117,-99.0,-99.0,0.10689080,-99.0,-99.0,14.611395,-99.0,-99.0,93.674772,-99.0,-99.0,1361.6702,-99.0,-99.0,1
1793-07-01,0.0037441188,-99.0,-99.0,0.10592266,-99.0,-99.0,14.598397,-99.0,-99.0,93.652875,-99.0,-99.0,1361.5906,-99.0,-99.0,1
1794-07-01,0.0034648626,-99.0,-99.0,0.10502991,-99.0,-99.0,14.586349,-99.0,-99.0,93.632298,-99.0,-99.0,1361.5139,-99.0,-99.0,1
1795-07-01,0.0027736969,-99.0,-99.0,0.10280726,-99.0,-99.0,14.556117,-99.0,-99.0,93.579626,-99.0,-99.0,1361.3106,-99.0,-99.0,1
1796-07-01,0.0026140049,-99.0,-99.0,0.10228086,-99.0,-99.0,14.548859,-99.0,-99.0,93.566556,-99.0,-99.0,1361.2574,-99.0,-99.0,1
1797-07-01,0.0023630898,-99.0,-99.0,0.10145032,-99.0,-99.0,14.537333,-99.0,-99.0,93.545481,-99.0,-99.0,1361.1694,-99.0,-99.0,1
1798-07-01,0.0022750151,-99.0,-99.0,0.10115231,-99.0,-99.0,14.533166,-99.0,-99.0,93.537726,-99.0,-99.0,1361.1363,-99.0,-99.0,1
1799-07-01,0.0023205991,-99.0,-99.0,0.10129761,-99.0,-99.0,14.535179,-99.0,-99.0,93.541397,-99.0,-99.0,1361.1515,-99.0,-99.0,1
1800-07-01,0.0025953394,-99.0,-99.0,0.10219306,-99.0,-99.0,14.547559,-99.0,-99.0,93.563836,-99.0,-99.0,1361.2439,-99.0,-99.0,1
1801-07-01,0.0035350697,-99.0,-99.0,0.10519755,-99.0,-99.0,14.588353,-99.0,-99.0,93.634598,-99.0,-99.0,1361.5150,-99.0,-99.0,1
1802-07-01,0.0035698842,-99.0,-99.0,0.10530252,-99.0,-99.0,14.589747,-99.0,-99.0,93.636878,-99.0,-99.0,1361.5228,-99.0,-99.0,1
1803-07-01,0.0033550899,-99.0,-99.0,0.10461543,-99.0,-99.0,14.580466,-99.0,-99.0,93.620991,-99.0,-99.0,1361.4633,-99.0,-99.0,1
1804-07-01,0.0034755365,-99.0,-99.0,0.10499146,-99.0,-99.0,14.585507,-99.0,-99.0,93.629455,-99.0,-99.0,1361.4939,-99.0,-99.0,1
1805-07-01,0.0033439503,-99.0,-99.0,0.10456844,-99.0,-99.0,14.579784,-99.0,-99.0,93.619622,-99.0,-99.0,1361.4568,-99.0,-99.0,1
1806-07-01,0.0030736625,-99.0,-99.0,0.10370140,-99.0,-99.0,14.568034,-99.0,-99.0,93.599339,-99.0,-99.0,1361.3798,-99.0,-99.0,1
1807-07-01,0.0025318537,-99.0,-99.0,0.10194816,-99.0,-99.0,14.544061,-99.0,-99.0,93.557023,-99.0,-99.0,1361.2128,-99.0,-99.0,1
1808-07-01,0.0024053030,-99.0,-99.0,0.10152996,-99.0,-99.0,14.538278,-99.0,-99.0,93.546540,-99.0,-99.0,1361.1697,-99.0,-99.0,1
1809-07-01,0.0022777525,-99.0,-99.0,0.10110563,-99.0,-99.0,14.532380,-99.0,-99.0,93.535713,-99.0,-99.0,1361.1243,-99.0,-99.0,1
1810-07-01,0.0021523815,-99.0,-99.0,0.10068646,-99.0,-99.0,14.526529,-99.0,-99.0,93.524872,-99.0,-99.0,1361.0781,-99.0,-99.0,1
1811-07-01,0.0021744342,-99.0,-99.0,0.10075664,-99.0,-99.0,14.527501,-99.0,-99.0,93.526641,-99.0,-99.0,1361.0855,-99.0,-99.0,1
1812-07-01,0.0023102862,-99.0,-99.0,0.10120730,-99.0,-99.0,14.533777,-99.0,-99.0,93.538208,-99.0,-99.0,1361.1343,-99.0,-99.0,1
1813-07-01,0.0025356592,-99.0,-99.0,0.10194709,-99.0,-99.0,14.544005,-99.0,-99.0,93.556747,-99.0,-99.0,1361.2106,-99.0,-99.0,1
1814-07-01,0.0026178286,-99.0,-99.0,0.10221707,-99.0,-99.0,14.547726,-99.0,-99.0,93.563442,-99.0,-99.0,1361.2378,-99.0,-99.0,1
1815-07-01,0.0030477353,-99.0,-99.0,0.10360297,-99.0,-99.0,14.566630,-99.0,-99.0,93.596613,-99.0,-99.0,1361.3674,-99.0,-99.0,1
1816-07-01,0.0035459358,-99.0,-99.0,0.10518877,-99.0,-99.0,14.588038,-99.0,-99.0,93.633205,-99.0,-99.0,1361.5040,-99.0,-99.0,1
1817-07-01,0.0034571812,-99.0,-99.0,0.10491175,-99.0,-99.0,14.584334,-99.0,-99.0,93.627029,-99.0,-99.0,1361.4820,-99.0,-99.0,1
1818-07-01,0.0032423941,-99.0,-99.0,0.10423360,-99.0,-99.0,14.575209,-99.0,-99.0,93.611565,-99.0,-99.0,1361.4252,-99.0,-99.0,1
1819-07-01,0.0030376358,-99.0,-99.0,0.10358401,-99.0,-99.0,14.566433,-99.0,-99.0,93.596531,-99.0,-99.0,1361.3688,-99.0,-99.0,1
1820-07-01,0.0026591516,-99.0,-99.0,0.10236794,-99.0,-99.0,14.549850,-99.0,-99.0,93.567454,-99.0,-99.0,1361.2554,-99.0,-99.0,1
1821-07-01,0.0023899319,-99.0,-99.0,0.10149341,-99.0,-99.0,14.537811,-99.0,-99.0,93.545852,-99.0,-99.0,1361.1679,-99.0,-99.0,1
1822-07-01,0.0023280664,-99.0,-99.0,0.10129290,-99.0,-99.0,14.535038,-99.0,-99.0,93.540824,-99.0,-99.0,1361.1471,-99.0,-99.0,1
1823-07-01,0.0022058403,-99.0,-99.0,0.10089188,-99.0,-99.0,14.529460,-99.0,-99.0,93.530564,-99.0,-99.0,1361.1040,-99.0,-99.0,1
1824-07-01,0.0023438948,-99.0,-99.0,0.10135583,-99.0,-99.0,14.535941,-99.0,-99.0,93.542599,-99.0,-99.0,1361.1553,-99.0,-99.0,1
1825-07-01,0.0026832519,-99.0,-99.0,0.10247445,-99.0,-99.0,14.551412,-99.0,-99.0,93.570667,-99.0,-99.0,1361.2710,-99.0,-99.0,1
1826-07-01,0.0032560921,-99.0,-99.0,0.10432577,-99.0,-99.0,14.576664,-99.0,-99.0,93.614965,-99.0,-99.0,1361.4440,-99.0,-99.0,1
1827-07-01,0.0037623457,-99.0,-99.0,0.10594164,-99.0,-99.0,14.598469,-99.0,-99.0,93.652194,-99.0,-99.0,1361.5827,-99.0,-99.0,1
1828-07-01,0.0041087926,-99.0,-99.0,0.10704165,-99.0,-99.0,14.613224,-99.0,-99.0,93.676999,-99.0,-99.0,1361.6725,-99.0,-99.0,1
1829-07-01,0.0044215875,-99.0,-99.0,0.10803123,-99.0,-99.0,14.626447,-99.0,-99.0,93.699001,-99.0,-99.0,1361.7506,-99.0,-99.0,1
1830-07-01,0.0045218346,-99.0,-99.0,0.10835772,-99.0,-99.0,14.630861,-99.0,-99.0,93.706570,-99.0,-99.0,1361.7790,-99.0,-99.0,1
1831-07-01,0.0037911804,-99.0,-99.0,0.10608100,-99.0,-99.0,14.600564,-99.0,-99.0,93.656702,-99.0,-99.0,1361.6057,-99.0,-99.0,1
1832-07-01,0.0030908389,-99.0,-99.0,0.10386706,-99.0,-99.0,14.570735,-99.0,-99.0,93.605973,-99.0,-99.0,1361.4181,-99.0,-99.0,1
1833-07-01,0.0024526469,-99.0,-99.0,0.10180149,-99.0,-99.0,14.542357,-99.0,-99.0,93.555298,-99.0,-99.0,1361.2143,-99.0,-99.0,1
1834-07-01,0.0024713738,-99.0,-99.0,0.10187027,-99.0,-99.0,14.543333,-99.0,-99.0,93.557173,-99.0,-99.0,1361.2227,-99.0,-99.0,1
1835-07-01,0.0034715525,-99.0,-99.0,0.10510565,-99.0,-99.0,14.587609,-99.0,-99.0,93.635484,-99.0,-99.0,1361.5327,-99.0,-99.0,1
1836-07-01,0.0052452080,-99.0,-99.0,0.11065685,-99.0,-99.0,14.661532,-99.0,-99.0,93.757383,-99.0,-99.0,1361.9578,-99.0,-99.0,1
1837-07-01,0.0061936684,-99.0,-99.0,0.11357957,-99.0,-99.0,14.699914,-99.0,-99.0,93.818276,-99.0,-99.0,1362.1535,-99.0,-99.0,1
1838-07-01,0.0051862931,-99.0,-99.0,0.11048617,-99.0,-99.0,14.659357,-99.0,-99.0,93.754227,-99.0,-99.0,1361.9498,-99.0,-99.0,1
1839-07-01,0.0047932266,-99.0,-99.0,0.10927226,-99.0,-99.0,14.643342,-99.0,-99.0,93.728487,-99.0,-99.0,1361.8647,-99.0,-99.0,1
1840-07-01,0.0040868076,-99.0,-99.0,0.10707178,-99.0,-99.0,14.614117,-99.0,-99.0,93.680642,-99.0,-99.0,1361.7003,-99.0,-99.0,1
1841-07-01,0.0033288020,-99.0,-99.0,0.10467804,-99.0,-99.0,14.581953,-99.0,-99.0,93.626323,-99.0,-99.0,1361.5019,-99.0,-99.0,1
1842-07-01,0.0029218751,-99.0,-99.0,0.10337329,-99.0,-99.0,14.564184,-99.0,-99.0,93.595268,-99.0,-99.0,1361.3814,-99.0,-99.0,1
1843-07-01,0.0025114369,-99.0,-99.0,0.10203465,-99.0,-99.0,14.545703,-99.0,-99.0,93.561876,-99.0,-99.0,1361.2447,-99.0,-99.0,1
1844-07-01,0.0025180197,-99.0,-99.0,0.10205396,-99.0,-99.0,14.545966,-99.0,-99.0,93.562338,-99.0,-99.0,1361.2465,-99.0,-99.0,1
1845-07-01,0.0030849247,-99.0,-99.0,0.10389317,-99.0,-99.0,14.571264,-99.0,-99.0,93.607641,-99.0,-99.0,1361.4294,-99.0,-99.0,1
1846-07-01,0.0037454333,-99.0,-99.0,0.10599167,-99.0,-99.0,14.599630,-99.0,-99.0,93.656292,-99.0,-99.0,1361.6122,-99.0,-99.0,1
1847-07-01,0.0045760336,-99.0,-99.0,0.10858808,-99.0,-99.0,14.634235,-99.0,-99.0,93.713485,-99.0,-99.0,1361.8125,-99.0,-99.0,1
1848-07-01,0.0054716160,-99.0,-99.0,0.11135306,-99.0,-99.0,14.670684,-99.0,-99.0,93.771941,-99.0,-99.0,1362.0049,-99.0,-99.0,1
1849-07-01,0.0052283742,-99.0,-99.0,0.11059422,-99.0,-99.0,14.660654,-99.0,-99.0,93.755741,-99.0,-99.0,1361.9508,-99.0,-99.0,1
1850-07-01,0.0044965253,-99.0,-99.0,0.10831624,-99.0,-99.0,14.630503,-99.0,-99.0,93.706838,-99.0,-99.0,1361.7859,-99.0,-99.0,1
1851-07-01,0.0042405395,-99.0,-99.0,0.10750947,-99.0,-99.0,14.619741,-99.0,-99.0,93.689011,-99.0,-99.0,1361.7232,-99.0,-99.0,1
1852-07-01,0.0040654351,-99.0,-99.0,0.10695288,-99.0,-99.0,14.612279,-99.0,-99.0,93.676488,-99.0,-99.0,1361.6780,-99.0,-99.0,1
1853-07-01,0.0035322696,-99.0,-99.0,0.10526372,-99.0,-99.0,14.589594,-99.0,-99.0,93.638227,-99.0,-99.0,1361.5386,-99.0,-99.0,1
1854-07-01,0.0029274054,-99.0,-99.0,0.10332302,-99.0,-99.0,14.563246,-99.0,-99.0,93.592537,-99.0,-99.0,1361.3637,-99.0,-99.0,1
1855-07-01,0.0024065340,-99.0,-99.0,0.10161815,-99.0,-99.0,14.539729,-99.0,-99.0,93.550141,-99.0,-99.0,1361.1906,-99.0,-99.0,1
1856-07-01,0.0023104724,-99.0,-99.0,0.10129547,-99.0,-99.0,14.535222,-99.0,-99.0,93.541779,-99.0,-99.0,1361.1550,-99.0,-99.0,1
1857-07-01,0.0027827684,-99.0,-99.0,0.10284303,-99.0,-99.0,14.556616,-99.0,-99.0,93.580549,-99.0,-99.0,1361.3145,-99.0,-99.0,1
1858-07-01,0.0038656704,-99.0,-99.0,0.10630158,-99.0,-99.0,14.603448,-99.0,-99.0,93.661227,-99.0,-99.0,1361.6199,-99.0,-99.0,1
1859-07-01,0.0050276178,-99.0,-99.0,0.10993042,-99.0,-99.0,14.651665,-99.0,-99.0,93.740261,-99.0,-99.0,1361.8922,-99.0,-99.0,1
1860-07-01,0.0054016037,-99.0,-99.0,0.11109231,-99.0,-99.0,14.667008,-99.0,-99.0,93.764986,-99.0,-99.0,1361.9744,-99.0,-99.0,1
1861-07-01,0.0048971172,-99.0,-99.0,0.10953907,-99.0,-99.0,14.646575,-99.0,-99.0,93.732406,-99.0,-99.0,1361.8686,-99.0,-99.0,1
1862-07-01,0.0044917068,-99.0,-99.0,0.10828448,-99.0,-99.0,14.629988,-99.0,-99.0,93.705586,-99.0,-99.0,1361.7787,-99.0,-99.0,1
1863-07-01,0.0037989245,-99.0,-99.0,0.10612022,-99.0,-99.0,14.601165,-99.0,-99.0,93.658045,-99.0,-99.0,1361.6129,-99.0,-99.0,1
1864-07-01,0.0035721457,-99.0,-99.0,0.10540885,-99.0,-99.0,14.591633,-99.0,-99.0,93.642064,-99.0,-99.0,1361.5553,-99.0,-99.0,1
1865-07-01,0.0031487487,-99.0,-99.0,0.10406321,-99.0,-99.0,14.573435,-99.0,-99.0,93.610812,-99.0,-99.0,1361.4377,-99.0,-99.0,1
1866-07-01,0.0027195137,-99.0,-99.0,0.10268234,-99.0,-99.0,14.554574,-99.0,-99.0,93.577609,-99.0,-99.0,1361.3072,-99.0,-99.0,1
1867-07-01,0.0024084765,-99.0,-99.0,0.10166438,-99.0,-99.0,14.540471,-99.0,-99.0,93.551916,-99.0,-99.0,1361.2007,-99.0,-99.0,1
1868-07-01,0.0030415804,-99.0,-99.0,0.10372466,-99.0,-99.0,14.568854,-99.0,-99.0,93.602933,-99.0,-99.0,1361.4079,-99.0,-99.0,1
1869-07-01,0.0041120383,-99.0,-99.0,0.10711165,-99.0,-99.0,14.614450,-99.0,-99.0,93.680314,-99.0,-99.0,1361.6931,-99.0,-99.0,1
1870-07-01,0.0057573921,-99.0,-99.0,0.11220195,-99.0,-99.0,14.681637,-99.0,-99.0,93.788444,-99.0,-99.0,1362.0516,-99.0,-99.0,1
1871-07-01,0.0056818737,-99.0,-99.0,0.11196420,-99.0,-99.0,14.678505,-99.0,-99.0,93.783436,-99.0,-99.0,1362.0352,-99.0,-99.0,1
1872-07-01,0.0054005726,-99.0,-99.0,0.11109003,-99.0,-99.0,14.666985,-99.0,-99.0,93.764979,-99.0,-99.0,1361.9746,-99.0,-99.0,1
1873-07-01,0.0046392058,-99.0,-99.0,0.10872316,-99.0,-99.0,14.635692,-99.0,-99.0,93.714380,-99.0,-99.0,1361.8052,-99.0,-99.0,1
1874-07-01,0.0036972674,-99.0,-99.0,0.10576789,-99.0,-99.0,14.596291,-99.0,-99.0,93.649203,-99.0,-99.0,1361.5764,-99.0,-99.0,1
1875-07-01,0.0028133443,-99.0,-99.0,0.10284849,-99.0,-99.0,14.557411,-99.0,-99.0,93.585127,-99.0,-99.0,1361.3533,-99.0,-99.0,1
1876-07-01,0.0026125115,-99.0,-99.0,0.10220591,-99.0,-99.0,14.548751,-99.0,-99.0,93.570386,-99.0,-99.0,1361.2987,-99.0,-99.0,1
1877-07-01,0.0026240813,-99.0,-99.0,0.10224959,-99.0,-99.0,14.549502,-99.0,-99.0,93.572379,-99.0,-99.0,1361.3109,-99.0,-99.0,1
1878-07-01,0.0023182974,-99.0,-99.0,0.10126524,-99.0,-99.0,14.535332,-99.0,-99.0,93.544268,-99.0,-99.0,1361.1798,-99.0,-99.0,1
1879-07-01,0.0024114915,-99.0,-99.0,0.10157526,-99.0,-99.0,14.539865,-99.0,-99.0,93.553553,-99.0,-99.0,1361.2248,-99.0,-99.0,1
1880-07-01,0.0032676560,-99.0,-99.0,0.10426839,-99.0,-99.0,14.576941,-99.0,-99.0,93.620111,-99.0,-99.0,1361.4947,-99.0,-99.0,1
1881-07-01,0.0039840888,-99.0,-99.0,0.10650286,-99.0,-99.0,14.608317,-99.0,-99.0,93.679106,-99.0,-99.0,1361.7510,-99.0,-99.0,1
1882-07-01,0.0041581403,-99.0,-99.0,0.10705667,-99.0,-99.0,14.614280,-99.0,-99.0,93.682616,-99.0,-99.0,1361.7191,-99.0,-99.0,1
1883-07-01,0.0042966076,-99.0,-99.0,0.10749222,-99.0,-99.0,14.618602,-99.0,-99.0,93.683127,-99.0,-99.0,1361.6748,-99.0,-99.0,1
1884-07-01,0.0042928667,-99.0,-99.0,0.10749266,-99.0,-99.0,14.619808,-99.0,-99.0,93.690487,-99.0,-99.0,1361.7379,-99.0,-99.0,1
1885-07-01,0.0039041943,-99.0,-99.0,0.10627696,-99.0,-99.0,14.603512,-99.0,-99.0,93.663137,-99.0,-99.0,1361.6392,-99.0,-99.0,1
1886-07-01,0.0030155156,-99.0,-99.0,0.10348435,-99.0,-99.0,14.565456,-99.0,-99.0,93.596495,-99.0,-99.0,1361.3797,-99.0,-99.0,1
1887-07-01,0.0026090211,-99.0,-99.0,0.10221708,-99.0,-99.0,14.548293,-99.0,-99.0,93.566910,-99.0,-99.0,1361.2676,-99.0,-99.0,1
1888-07-01,0.0024096414,-99.0,-99.0,0.10161080,-99.0,-99.0,14.539943,-99.0,-99.0,93.551897,-99.0,-99.0,1361.2065,-99.0,-99.0,1
1889-07-01,0.0023860005,-99.0,-99.0,0.10152743,-99.0,-99.0,14.538849,-99.0,-99.0,93.550170,-99.0,-99.0,1361.2011,-99.0,-99.0,1
1890-07-01,0.0024184616,-99.0,-99.0,0.10164132,-99.0,-99.0,14.540352,-99.0,-99.0,93.552583,-99.0,-99.0,1361.2090,-99.0,-99.0,1
1891-07-01,0.0033753925,-99.0,-99.0,0.10464310,-99.0,-99.0,14.581641,-99.0,-99.0,93.626550,-99.0,-99.0,1361.5080,-99.0,-99.0,1
1892-07-01,0.0045692719,-99.0,-99.0,0.10834700,-99.0,-99.0,14.631603,-99.0,-99.0,93.711808,-99.0,-99.0,1361.8253,-99.0,-99.0,1
1893-07-01,0.0049764030,-99.0,-99.0,0.10962303,-99.0,-99.0,14.648219,-99.0,-99.0,93.737521,-99.0,-99.0,1361.9032,-99.0,-99.0,1
1894-07-01,0.0047812909,-99.0,-99.0,0.10903942,-99.0,-99.0,14.641110,-99.0,-99.0,93.728756,-99.0,-99.0,1361.8933,-99.0,-99.0,1
1895-07-01,0.0042684361,-99.0,-99.0,0.10738973,-99.0,-99.0,14.618975,-99.0,-99.0,93.691524,-99.0,-99.0,1361.7583,-99.0,-99.0,1
1896-07-01,0.0035641244,-99.0,-99.0,0.10520664,-99.0,-99.0,14.589994,-99.0,-99.0,93.644136,-99.0,-99.0,1361.5959,-99.0,-99.0,1
1897-07-01,0.0030491417,-99.0,-99.0,0.10358696,-99.0,-99.0,14.565913,-99.0,-99.0,93.593182,-99.0,-99.0,1361.3398,-99.0,-99.0,1
1898-07-01,0.0030590363,-99.0,-99.0,0.10361550,-99.0,-99.0,14.567339,-99.0,-99.0,93.600217,-99.0,-99.0,1361.3970,-99.0,-99.0,1
1899-07-01,0.0025676925,-99.0,-99.0,0.10205297,-99.0,-99.0,14.546386,-99.0,-99.0,93.565019,-99.0,-99.0,1361.2697,-99.0,-99.0,1
1900-07-01,0.0024874071,-99.0,-99.0,0.10180829,-99.0,-99.0,14.543086,-99.0,-99.0,93.559390,-99.0,-99.0,1361.2488,-99.0,-99.0,1
1901-07-01,0.0022697136,-99.0,-99.0,0.10110075,-99.0,-99.0,14.532809,-99.0,-99.0,93.538626,-99.0,-99.0,1361.1498,-99.0,-99.0,1
1902-07-01,0.0023503652,-99.0,-99.0,0.10136110,-99.0,-99.0,14.536440,-99.0,-99.0,93.545344,-99.0,-99.0,1361.1783,-99.0,-99.0,1
1903-07-01,0.0029682437,-99.0,-99.0,0.10329267,-99.0,-99.0,14.563287,-99.0,-99.0,93.594653,-99.0,-99.0,1361.3854,-99.0,-99.0,1
1904-07-01,0.0035848166,-99.0,-99.0,0.10525057,-99.0,-99.0,14.591410,-99.0,-99.0,93.650196,-99.0,-99.0,1361.6430,-99.0,-99.0,1
1905-07-01,0.0042619412,-99.0,-99.0,0.10735120,-99.0,-99.0,14.615989,-99.0,-99.0,93.675536,-99.0,-99.0,1361.6255,-99.0,-99.0,1
1906-07-01,0.0039920877,-99.0,-99.0,0.10652030,-99.0,-99.0,14.607812,-99.0,-99.0,93.674979,-99.0,-99.0,1361.7136,-99.0,-99.0,1
1907-07-01,0.0042173194,-99.0,-99.0,0.10721746,-99.0,-99.0,14.615373,-99.0,-99.0,93.679737,-99.0,-99.0,1361.6765,-99.0,-99.0,1
1908-07-01,0.0038112958,-99.0,-99.0,0.10595760,-99.0,-99.0,14.599926,-99.0,-99.0,93.660214,-99.0,-99.0,1361.6499,-99.0,-99.0,1
1909-07-01,0.0036229817,-99.0,-99.0,0.10534140,-99.0,-99.0,14.590700,-99.0,-99.0,93.640445,-99.0,-99.0,1361.5492,-99.0,-99.0,1
1910-07-01,0.0028329640,-99.0,-99.0,0.10289796,-99.0,-99.0,14.557823,-99.0,-99.0,93.584704,-99.0,-99.0,1361.3441,-99.0,-99.0,1
1911-07-01,0.0023840001,-99.0,-99.0,0.10145723,-99.0,-99.0,14.537890,-99.0,-99.0,93.548501,-99.0,-99.0,1361.1946,-99.0,-99.0,1
1912-07-01,0.0023246648,-99.0,-99.0,0.10127422,-99.0,-99.0,14.535376,-99.0,-99.0,93.544008,-99.0,-99.0,1361.1766,-99.0,-99.0,1
1913-07-01,0.0022606105,-99.0,-99.0,0.10107222,-99.0,-99.0,14.532594,-99.0,-99.0,93.539008,-99.0,-99.0,1361.1563,-99.0,-99.0,1
1914-07-01,0.0025304569,-99.0,-99.0,0.10193942,-99.0,-99.0,14.544468,-99.0,-99.0,93.560043,-99.0,-99.0,1361.2397,-99.0,-99.0,1
1915-07-01,0.0037744744,-99.0,-99.0,0.10585110,-99.0,-99.0,14.598630,-99.0,-99.0,93.658622,-99.0,-99.0,1361.6481,-99.0,-99.0,1
1916-07-01,0.0040835241,-99.0,-99.0,0.10681564,-99.0,-99.0,14.612828,-99.0,-99.0,93.688093,-99.0,-99.0,1361.7931,-99.0,-99.0,1
1917-07-01,0.0055889958,-99.0,-99.0,0.11149541,-99.0,-99.0,14.675617,-99.0,-99.0,93.793747,-99.0,-99.0,1362.1763,-99.0,-99.0,1
1918-07-01,0.0048974950,-99.0,-99.0,0.10941052,-99.0,-99.0,14.648374,-99.0,-99.0,93.751130,-99.0,-99.0,1362.0438,-99.0,-99.0,1
1919-07-01,0.0043013739,-99.0,-99.0,0.10752875,-99.0,-99.0,14.620229,-99.0,-99.0,93.690908,-99.0,-99.0,1361.7375,-99.0,-99.0,1
1920-07-01,0.0034057141,-99.0,-99.0,0.10470411,-99.0,-99.0,14.581700,-99.0,-99.0,93.623286,-99.0,-99.0,1361.4732,-99.0,-99.0,1
1921-07-01,0.0030375686,-99.0,-99.0,0.10356740,-99.0,-99.0,14.566412,-99.0,-99.0,93.597398,-99.0,-99.0,1361.3781,-99.0,-99.0,1
1922-07-01,0.0026304177,-99.0,-99.0,0.10228733,-99.0,-99.0,14.548607,-99.0,-99.0,93.564644,-99.0,-99.0,1361.2403,-99.0,-99.0,1
1923-07-01,0.0023746042,-99.0,-99.0,0.10150449,-99.0,-99.0,14.538705,-99.0,-99.0,93.550648,-99.0,-99.0,1361.2077,-99.0,-99.0,1
1924-07-01,0.0027274113,-99.0,-99.0,0.10260331,-99.0,-99.0,14.553369,-99.0,-99.0,93.574971,-99.0,-99.0,1361.2935,-99.0,-99.0,1
1925-07-01,0.0036345940,-99.0,-99.0,0.10543452,-99.0,-99.0,14.590991,-99.0,-99.0,93.636656,-99.0,-99.0,1361.5062,-99.0,-99.0,1
1926-07-01,0.0043398021,-99.0,-99.0,0.10768757,-99.0,-99.0,14.621297,-99.0,-99.0,93.687970,-99.0,-99.0,1361.6945,-99.0,-99.0,1
1927-07-01,0.0045029438,-99.0,-99.0,0.10819432,-99.0,-99.0,14.630564,-99.0,-99.0,93.714525,-99.0,-99.0,1361.8657,-99.0,-99.0,1
1928-07-01,0.0047841873,-99.0,-99.0,0.10905365,-99.0,-99.0,14.640157,-99.0,-99.0,93.722070,-99.0,-99.0,1361.8343,-99.0,-99.0,1
1929-07-01,0.0043233923,-99.0,-99.0,0.10757363,-99.0,-99.0,14.619051,-99.0,-99.0,93.681024,-99.0,-99.0,1361.6476,-99.0,-99.0,1
1930-07-01,0.0034599309,-99.0,-99.0,0.10495718,-99.0,-99.0,14.586523,-99.0,-99.0,93.637719,-99.0,-99.0,1361.5686,-99.0,-99.0,1
1931-07-01,0.0029389543,-99.0,-99.0,0.10328162,-99.0,-99.0,14.563489,-99.0,-99.0,93.596520,-99.0,-99.0,1361.4026,-99.0,-99.0,1
1932-07-01,0.0026339221,-99.0,-99.0,0.10233912,-99.0,-99.0,14.550332,-99.0,-99.0,93.572108,-99.0,-99.0,1361.2985,-99.0,-99.0,1
1933-07-01,0.0024576119,-99.0,-99.0,0.10177520,-99.0,-99.0,14.542459,-99.0,-99.0,93.557502,-99.0,-99.0,1361.2362,-99.0,-99.0,1
1934-07-01,0.0025609586,-99.0,-99.0,0.10210841,-99.0,-99.0,14.547415,-99.0,-99.0,93.567993,-99.0,-99.0,1361.2890,-99.0,-99.0,1
1935-07-01,0.0034668952,-99.0,-99.0,0.10495561,-99.0,-99.0,14.585929,-99.0,-99.0,93.634181,-99.0,-99.0,1361.5385,-99.0,-99.0,1
1936-07-01,0.0049089705,-99.0,-99.0,0.10947794,-99.0,-99.0,14.649382,-99.0,-99.0,93.753276,-99.0,-99.0,1362.0546,-99.0,-99.0,1
1937-07-01,0.0060845861,-99.0,-99.0,0.11318688,-99.0,-99.0,14.696351,-99.0,-99.0,93.819875,-99.0,-99.0,1362.2112,-99.0,-99.0,1
1938-07-01,0.0058817143,-99.0,-99.0,0.11252436,-99.0,-99.0,14.686796,-99.0,-99.0,93.800849,-99.0,-99.0,1362.1221,-99.0,-99.0,1
1939-07-01,0.0052507644,-99.0,-99.0,0.11060265,-99.0,-99.0,14.661629,-99.0,-99.0,93.761228,-99.0,-99.0,1361.9970,-99.0,-99.0,1
1940-07-01,0.0044898255,-99.0,-99.0,0.10816588,-99.0,-99.0,14.629887,-99.0,-99.0,93.712070,-99.0,-99.0,1361.8478,-99.0,-99.0,1
1941-07-01,0.0038828942,-99.0,-99.0,0.10633240,-99.0,-99.0,14.605812,-99.0,-99.0,93.673879,-99.0,-99.0,1361.7251,-99.0,-99.0,1
1942-07-01,0.0032782580,-99.0,-99.0,0.10441141,-99.0,-99.0,14.579010,-99.0,-99.0,93.624226,-99.0,-99.0,1361.5139,-99.0,-99.0,1
1943-07-01,0.0028135986,-99.0,-99.0,0.10296574,-99.0,-99.0,14.558395,-99.0,-99.0,93.584123,-99.0,-99.0,1361.3314,-99.0,-99.0,1
1944-07-01,0.0026067237,-99.0,-99.0,0.10232501,-99.0,-99.0,14.550546,-99.0,-99.0,93.574237,-99.0,-99.0,1361.3183,-99.0,-99.0,1
1945-07-01,0.0034205690,-99.0,-99.0,0.10491405,-99.0,-99.0,14.586991,-99.0,-99.0,93.643129,-99.0,-99.0,1361.6198,-99.0,-99.0,1
1946-07-01,0.0052990427,-99.0,-99.0,0.11072442,-99.0,-99.0,14.662019,-99.0,-99.0,93.756369,-99.0,-99.0,1361.9417,-99.0,-99.0,1
1947-07-01,0.0066511160,-99.0,-99.0,0.11473967,-99.0,-99.0,14.714431,-99.0,-99.0,93.838136,-99.0,-99.0,1362.1944,-99.0,-99.0,1
1948-07-01,0.0059315911,-99.0,-99.0,0.11334297,-99.0,-99.0,14.700126,-99.0,-99.0,93.833485,-99.0,-99.0,1362.3099,-99.0,-99.0,1
1949-07-01,0.0059076812,-99.0,-99.0,0.11311799,-99.0,-99.0,14.694752,-99.0,-99.0,93.814028,-99.0,-99.0,1362.1683,-99.0,-99.0,1
1950-07-01,0.0044740669,-99.0,-99.0,0.10872682,-99.0,-99.0,14.637063,-99.0,-99.0,93.722390,-99.0,-99.0,1361.8730,-99.0,-99.0,1
1951-07-01,0.0040855253,-99.0,-99.0,0.10736143,-99.0,-99.0,14.616716,-99.0,-99.0,93.679196,-99.0,-99.0,1361.6552,-99.0,-99.0,1
1952-07-01,0.0030517506,-99.0,-99.0,0.10405671,-99.0,-99.0,14.574036,-99.0,-99.0,93.614786,-99.0,-99.0,1361.4722,-99.0,-99.0,1
1953-07-01,0.0026201464,-99.0,-99.0,0.10258378,-99.0,-99.0,14.554189,-99.0,-99.0,93.581054,-99.0,-99.0,1361.3476,-99.0,-99.0,1
1954-07-01,0.0024322282,-99.0,-99.0,0.10184603,-99.0,-99.0,14.544042,-99.0,-99.0,93.562929,-99.0,-99.0,1361.2747,-99.0,-99.0,1
1955-07-01,0.0031755379,-99.0,-99.0,0.10414703,-99.0,-99.0,14.574372,-99.0,-99.0,93.611554,-99.0,-99.0,1361.4346,-99.0,-99.0,1
1956-07-01,0.0058353690,-99.0,-99.0,0.11233734,-99.0,-99.0,14.681882,-99.0,-99.0,93.781912,-99.0,-99.0,1361.9805,-99.0,-99.0,1
1957-07-01,0.0073288272,-99.0,-99.0,0.11701753,-99.0,-99.0,14.746095,-99.0,-99.0,93.896251,-99.0,-99.0,1362.4382,-99.0,-99.0,1
1958-07-01,0.0073114892,-99.0,-99.0,0.11700300,-99.0,-99.0,14.745374,-99.0,-99.0,93.892689,-99.0,-99.0,1362.4092,-99.0,-99.0,1
1959-07-01,0.0066299250,-99.0,-99.0,0.11483791,-99.0,-99.0,14.713823,-99.0,-99.0,93.828498,-99.0,-99.0,1362.1005,-99.0,-99.0,1
1960-07-01,0.0051759353,-99.0,-99.0,0.11032256,-99.0,-99.0,14.657332,-99.0,-99.0,93.751618,-99.0,-99.0,1361.9459,-99.0,-99.0,1
1961-07-01,0.0034918667,-99.0,-99.0,0.10513137,-99.0,-99.0,14.588398,-99.0,-99.0,93.638793,-99.0,-99.0,1361.5583,-99.0,-99.0,1
1962-07-01,0.0030183234,-99.0,-99.0,0.10363714,-99.0,-99.0,14.567212,-99.0,-99.0,93.598097,-99.0,-99.0,1361.3762,-99.0,-99.0,1
1963-07-01,0.0027531874,-99.0,-99.0,0.10281803,-99.0,-99.0,14.556369,-99.0,-99.0,93.580503,-99.0,-99.0,1361.3169,-99.0,-99.0,1
1964-07-01,0.0024899580,-99.0,-99.0,0.10200010,-99.0,-99.0,14.546290,-99.0,-99.0,93.567525,-99.0,-99.0,1361.2970,-99.0,-99.0,1
1965-07-01,0.0026092303,-99.0,-99.0,0.10237655,-99.0,-99.0,14.551416,-99.0,-99.0,93.576482,-99.0,-99.0,1361.3317,-99.0,-99.0,1
1966-07-01,0.0034000509,-99.0,-99.0,0.10482121,-99.0,-99.0,14.584139,-99.0,-99.0,93.631203,-99.0,-99.0,1361.5279,-99.0,-99.0,1
1967-07-01,0.0046274058,-99.0,-99.0,0.10860326,-99.0,-99.0,14.632985,-99.0,-99.0,93.704973,-99.0,-99.0,1361.7379,-99.0,-99.0,1
1968-07-01,0.0048140501,-99.0,-99.0,0.10919834,-99.0,-99.0,14.641094,-99.0,-99.0,93.719167,-99.0,-99.0,1361.7931,-99.0,-99.0,1
1969-07-01,0.0048717002,-99.0,-99.0,0.10937072,-99.0,-99.0,14.644429,-99.0,-99.0,93.729324,-99.0,-99.0,1361.8610,-99.0,-99.0,1
1970-07-01,0.0050028501,-99.0,-99.0,0.10974804,-99.0,-99.0,14.648755,-99.0,-99.0,93.733343,-99.0,-99.0,1361.8533,-99.0,-99.0,1
1971-07-01,0.0038732561,-99.0,-99.0,0.10626966,-99.0,-99.0,14.601930,-99.0,-99.0,93.653849,-99.0,-99.0,1361.5602,-99.0,-99.0,1
1972-07-01,0.0039540885,-99.0,-99.0,0.10651252,-99.0,-99.0,14.606386,-99.0,-99.0,93.666667,-99.0,-99.0,1361.6431,-99.0,-99.0,1
1973-07-01,0.0031133574,-99.0,-99.0,0.10389833,-99.0,-99.0,14.571069,-99.0,-99.0,93.606167,-99.0,-99.0,1361.4163,-99.0,-99.0,1
1974-07-01,0.0029072430,-99.0,-99.0,0.10325344,-99.0,-99.0,14.561970,-99.0,-99.0,93.588873,-99.0,-99.0,1361.3400,-99.0,-99.0,1
1975-07-01,0.0025891532,-99.0,-99.0,0.10226700,-99.0,-99.0,14.549099,-99.0,-99.0,93.568834,-99.0,-99.0,1361.2784,-99.0,-99.0,1
1976-07-01,0.0025255324,-99.0,-99.0,0.10210740,-99.0,-99.0,14.546789,-99.0,-99.0,93.564184,-99.0,-99.0,1361.2563,-99.0,-99.0,1
1977-07-01,0.0030109422,-99.0,-99.0,0.10375498,-99.0,-99.0,14.569635,-99.0,-99.0,93.605867,-99.0,-99.0,1361.4296,-99.0,-99.0,1
1978-07-01,0.0047098514,-99.0,-99.0,0.10900086,-99.0,-99.0,14.639160,-99.0,-99.0,93.719054,-99.0,-99.0,1361.8141,-99.0,-99.0,1
1979-07-01,0.0062293822,-99.0,-99.0,0.11383376,-99.0,-99.0,14.703429,-99.0,-99.0,93.824605,-99.0,-99.0,1362.1792,-99.0,-99.0,1
1980-07-01,0.0063418603,-99.0,-99.0,0.11400647,-99.0,-99.0,14.705963,-99.0,-99.0,93.829892,-99.0,-99.0,1362.2055,-99.0,-99.0,1
1981-07-01,0.0065012527,-99.0,-99.0,0.11456117,-99.0,-99.0,14.713449,-99.0,-99.0,93.842664,-99.0,-99.0,1362.2530,-99.0,-99.0,1
1982-07-01,0.0056668139,-99.0,-99.0,0.11198364,-99.0,-99.0,14.674463,-99.0,-99.0,93.757496,-99.0,-99.0,1361.8104,-99.0,-99.0,1
1983-07-01,0.0041824557,-99.0,-99.0,0.10771650,-99.0,-99.0,14.623918,-99.0,-99.0,93.702128,-99.0,-99.0,1361.8122,-99.0,-99.0,1
1984-07-01,0.0034569560,-99.0,-99.0,0.10518051,-99.0,-99.0,14.586044,-99.0,-99.0,93.621396,-99.0,-99.0,1361.4034,-99.0,-99.0,1
1985-07-01,0.0025749989,-99.0,-99.0,0.10227505,-99.0,-99.0,14.548772,-99.0,-99.0,93.566334,-99.0,-99.0,1361.2560,-99.0,-99.0,1
1986-07-01,0.0025380599,-99.0,-99.0,0.10213443,-99.0,-99.0,14.547217,-99.0,-99.0,93.565201,-99.0,-99.0,1361.2620,-99.0,-99.0,1
1987-07-01,0.0029050365,-99.0,-99.0,0.10331672,-99.0,-99.0,14.563811,-99.0,-99.0,93.596355,-99.0,-99.0,1361.3971,-99.0,-99.0,1
1988-07-01,0.0045269828,-99.0,-99.0,0.10822599,-99.0,-99.0,14.627876,-99.0,-99.0,93.696191,-99.0,-99.0,1361.7048,-99.0,-99.0,1
1989-07-01,0.0066088826,-99.0,-99.0,0.11448210,-99.0,-99.0,14.711582,-99.0,-99.0,93.836079,-99.0,-99.0,1362.2057,-99.0,-99.0,1
1990-07-01,0.0059905329,-99.0,-99.0,0.11274190,-99.0,-99.0,14.689400,-99.0,-99.0,93.803876,-99.0,-99.0,1362.1238,-99.0,-99.0,1
1991-07-01,0.0063782191,-99.0,-99.0,0.11363978,-99.0,-99.0,14.697989,-99.0,-99.0,93.803069,-99.0,-99.0,1362.0167,-99.0,-99.0,1
1992-07-01,0.0048909400,-99.0,-99.0,0.10952302,-99.0,-99.0,14.646680,-99.0,-99.0,93.734000,-99.0,-99.0,1361.8840,-99.0,-99.0,1
1993-07-01,0.0037161478,-99.0,-99.0,0.10597973,-99.0,-99.0,14.599564,-99.0,-99.0,93.656571,-99.0,-99.0,1361.6158,-99.0,-99.0,1
1994-07-01,0.0029766399,-99.0,-99.0,0.10365719,-99.0,-99.0,14.567846,-99.0,-99.0,93.600740,-99.0,-99.0,1361.3965,-99.0,-99.0,1
1995-07-01,0.0026705749,-99.0,-99.0,0.10261471,-99.0,-99.0,14.553862,-99.0,-99.0,93.577249,-99.0,-99.0,1361.3116,-99.0,-99.0,1
1996-07-01,0.0024662017,-99.0,-99.0,0.10188875,-99.0,-99.0,14.543795,-99.0,-99.0,93.558888,-99.0,-99.0,1361.2354,-99.0,-99.0,1
1997-07-01,0.0027812544,-99.0,-99.0,0.10295267,-99.0,-99.0,14.558745,-99.0,-99.0,93.587018,-99.0,-99.0,1361.3577,-99.0,-99.0,1
1998-07-01,0.0039372794,-99.0,-99.0,0.10659556,-99.0,-99.0,14.608544,-99.0,-99.0,93.674895,-99.0,-99.0,1361.7043,-99.0,-99.0,1
1999-07-01,0.0049260597,-99.0,-99.0,0.10948455,-99.0,-99.0,14.647960,-99.0,-99.0,93.744189,-99.0,-99.0,1361.9759,-99.0,-99.0,1
2000-07-01,0.0058515822,-99.0,-99.0,0.11260848,-99.0,-99.0,14.690379,-99.0,-99.0,93.817728,-99.0,-99.0,1362.2573,-99.0,-99.0,1
2001-07-01,0.0056853589,-99.0,-99.0,0.11172030,-99.0,-99.0,14.676541,-99.0,-99.0,93.786028,-99.0,-99.0,1362.0850,-99.0,-99.0,1
2002-07-01,0.0058109357,-99.0,-99.0,0.11244275,-99.0,-99.0,14.687210,-99.0,-99.0,93.808207,-99.0,-99.0,1362.1942,-99.0,-99.0,1
2003-07-01,0.0042384962,-99.0,-99.0,0.10750748,-99.0,-99.0,14.619139,-99.0,-99.0,93.685441,-99.0,-99.0,1361.6928,-99.0,-99.0,1
2004-07-01,0.0035135973,-99.0,-99.0,0.10514349,-99.0,-99.0,14.586893,-99.0,-99.0,93.628873,-99.0,-99.0,1361.4719,-99.0,-99.0,1
2005-07-01,0.0030085594,-99.0,-99.0,0.10346997,-99.0,-99.0,14.563070,-99.0,-99.0,93.582734,-99.0,-99.0,1361.2632,-99.0,-99.0,1
2006-07-01,0.0026657448,-99.0,-99.0,0.10242879,-99.0,-99.0,14.550209,-99.0,-99.0,93.566016,-99.0,-99.0,1361.2362,-99.0,-99.0,1
2007-07-01,0.0024290070,-99.0,-99.0,0.10164362,-99.0,-99.0,14.539610,-99.0,-99.0,93.547912,-99.0,-99.0,1361.1687,-99.0,-99.0,1
2008-07-01,0.0023239871,-99.0,-99.0,0.10135343,-99.0,-99.0,14.536706,-99.0,-99.0,93.547407,-99.0,-99.0,1361.1968,-99.0,-99.0,1
2009-07-01,0.0023363545,-99.0,-99.0,0.10132570,-99.0,-99.0,14.536264,-99.0,-99.0,93.546372,-99.0,-99.0,1361.1911,-99.0,-99.0,1
2010-07-01,0.0027497853,-99.0,-99.0,0.10284940,-99.0,-99.0,14.557185,-99.0,-99.0,93.583621,-99.0,-99.0,1361.3401,-99.0,-99.0,1
2011-07-01,0.0037774998,-99.0,-99.0,0.10607396,-99.0,-99.0,14.600525,-99.0,-99.0,93.656872,-99.0,-99.0,1361.6080,-99.0,-99.0,1
2012-07-01,0.0040682092,-99.0,-99.0,0.10713802,-99.0,-99.0,14.616239,-99.0,-99.0,93.689646,-99.0,-99.0,1361.7700,-99.0,-99.0,1
2013-07-01,0.0041776125,-99.0,-99.0,0.10753270,-99.0,-99.0,14.621779,-99.0,-99.0,93.700038,-99.0,-99.0,1361.8150,-99.0,-99.0,1
2014-07-01,0.0048512020,-99.0,-99.0,0.10956485,-99.0,-99.0,14.647327,-99.0,-99.0,93.735420,-99.0,-99.0,1361.8914,-99.0,-99.0,1
2015-07-01,0.0041496775,-99.0,-99.0,0.10767123,-99.0,-99.0,14.626022,-99.0,-99.0,93.717699,-99.0,-99.0,1361.9509,-99.0,-99.0,1
2016-07-01,0.0030997594,-99.0,-99.0,0.10409338,-99.0,-99.0,14.574338,-99.0,-99.0,93.614487,-99.0,-99.0,1361.4656,-99.0,-99.0,1
2017-07-01,0.0026886000,-99.0,-99.0,0.10269558,-99.0,-99.0,14.554445,-99.0,-99.0,93.575991,-99.0,-99.0,1361.2918,-99.0,-99.0,1
2018-07-01,0.0024418611,-99.0,-99.0,0.10188652,-99.0,-99.0,14.544293,-99.0,-99.0,93.562048,-99.0,-99.0,1361.2626,-99.0,-99.0,1
2019-07-01,0.0024212787,-99.0,-99.0,0.10179881,-99.0,-99.0,14.543117,-99.0,-99.0,93.560082,-99.0,-99.0,1361.2556,-99.0,-99.0,1
2020-07-01,0.0025814006,-99.0,-99.0,0.10237347,-99.0,-99.0,14.551220,-99.0,-99.0,93.575437,-99.0,-99.0,1361.3230,-99.0,-99.0,1
2021-07-01,0.0029812065,-99.0,-99.0,0.10388633,-99.0,-99.0,14.572359,-99.0,-99.0,93.614651,-99.0,-99.0,1361.4901,-99.0,-99.0,1
2022-07-01,0.0044023302,-99.0,-99.0,0.10858220,-99.0,-99.0,14.637452,-99.0,-99.0,93.733365,-99.0,-99.0,1361.9833,-99.0,-99.0,1
2023-07-01,0.0056670395,-99.0,-99.0,0.11284004,-99.0,-99.0,14.696872,-99.0,-99.0,93.843426,-99.0,-99.0,1362.4512,-99.0,-99.0,1
2024-07-01,0.0064332054,0.0053575857,0.0071022254,0.11479681,0.11174977,0.11702179,14.720857,14.680175,14.751762,93.873844,93.806182,93.930476,1362.4937,1362.2537,1362.7307,2
2025-07-01,0.0061921477,0.0047653111,0.0071758466,0.11361601,0.10918636,0.11722097,14.703441,14.643709,14.754282,93.837693,93.735857,93.934048,1362.3160,1361.9376,1362.7391,2
2026-07-01,0.0053936014,0.0037954105,0.0069348199,0.11074184,0.10602626,0.11594103,14.663255,14.600451,14.734913,93.762993,93.659298,93.891877,1361.9968,1361.6342,1362.5209,2
2027-07-01,0.0042933281,0.0029519644,0.0061117495,0.10709859,0.10335673,0.11267678,14.613245,14.564116,14.688455,93.673907,93.595874,93.802116,1361.6401,1361.3886,1362.1164,2
2028-07-01,0.0032509080,0.0025338204,0.0048833236,0.10388289,0.10212743,0.10842637,14.569857,14.547619,14.629607,93.599808,93.568076,93.695147,1361.3639,1361.2875,1361.6743,2
2029-07-01,0.0026256877,0.0025347044,0.0036447611,0.10221199,0.10219032,0.10456589,14.548173,14.548654,14.577450,93.566498,93.570649,93.605786,1361.2647,1361.3025,1361.3393,2
2030-07-01,0.0026421291,0.0025262411,0.0037677760,0.10270283,0.10212770,0.10647231,14.556229,14.547682,14.607728,93.586436,93.568437,93.677111,1361.3804,1361.2905,1361.7367,2
2031-07-01,0.0033241943,0.0025936619,0.0052172226,0.10529220,0.10246315,0.11123392,14.592672,14.552746,14.672803,93.655164,93.579418,93.791800,1361.6801,1361.3471,1362.1880,2
2032-07-01,0.0044817793,0.0030471132,0.0066600728,0.10923814,0.10445871,0.11585305,14.646958,14.581645,14.735577,93.752358,93.637292,93.900934,1362.0725,1361.6200,1362.6077,2
2033-07-01,0.0057535739,0.0039382911,0.0076112103,0.11329899,0.10772024,0.11877253,14.701934,14.627118,14.774868,93.847016,93.721252,93.967593,1362.4305,1361.9752,1362.8532,2
2034-07-01,0.0067394522,0.0050166627,0.0078228054,0.11619049,0.11128326,0.11936473,14.740176,14.675639,14.782814,93.908959,93.806010,93.980988,1362.6388,1362.3038,1362.9020,2
2035-07-01,0.0071192957,0.0056758578,0.0078972148,0.11696664,0.11266594,0.11961098,14.749147,14.691229,14.785762,93.917782,93.819306,93.984362,1362.6281,1362.2639,1362.9034,2
2036-07-01,0.0067613659,0.0048345803,0.0079846239,0.11534296,0.10933760,0.11984915,14.725495,14.644988,14.788818,93.869860,93.734696,93.988897,1362.3989,1361.9108,1362.9157,2
2037-07-01,0.0057766499,0.0037116091,0.0077549982,0.11183216,0.10569958,0.11859388,14.676733,14.595542,14.769640,93.780591,93.648724,93.946427,1362.0260,1361.5801,1362.6922,2
2038-07-01,0.0044829824,0.0028514969,0.0068539163,0.10757026,0.10300640,0.11494708,14.618657,14.559202,14.717715,93.678980,93.586669,93.846026,1361.6310,1361.3488,1362.2393,2
2039-07-01,0.0033074904,0.0025624546,0.0054515397,0.10396946,0.10222642,0.11003951,14.570520,14.549002,14.649970,93.598737,93.570645,93.723777,1361.3451,1361.2984,1361.7397,2
2040-07-01,0.0026477060,0.0025683714,0.0039875884,0.10225667,0.10224909,0.10541991,14.548720,14.549240,14.587818,93.567191,93.570748,93.618457,1361.2656,1361.2968,1361.3527,2
2041-07-01,0.0027449822,0.0025712217,0.0044521263,0.10307620,0.10221766,0.10873869,14.561480,14.548831,14.638253,93.596328,93.570128,93.728943,1361.4235,1361.2950,1361.9278,2
2042-07-01,0.0035905485,0.0026183057,0.0061521527,0.10623574,0.10248063,0.11428269,14.605593,14.552767,14.713412,93.678030,93.578524,93.858770,1361.7707,1361.3375,1362.4216,2
2043-07-01,0.0049318617,0.0030786561,0.0076553165,0.11077631,0.10455644,0.11904876,14.667573,14.582966,14.777606,93.786899,93.639555,93.967852,1362.1967,1361.6285,1362.8244,2
2044-07-01,0.0063515348,0.0040493465,0.0084588354,0.11527526,0.10815493,0.12143873,14.727930,14.633014,14.809295,93.888407,93.731429,94.019539,1362.5645,1362.0138,1363.0008,2
2045-07-01,0.0073869105,0.0052539566,0.0085398913,0.11826036,0.11216885,0.12166994,14.766878,14.687431,14.812195,93.949122,93.825404,94.023526,1362.7519,1362.3710,1363.0091,2
2046-07-01,0.0077044420,0.0058449972,0.0085969518,0.11876637,0.11297729,0.12182365,14.771817,14.693550,14.814033,93.949370,93.815034,94.025629,1362.6978,1362.1926,1363.0100,2
2047-07-01,0.0071960952,0.0047426521,0.0086484867,0.11661112,0.10896485,0.12196351,14.740913,14.639115,14.815765,93.888731,93.720970,94.027907,1362.4191,1361.8347,1363.0139,2
2048-07-01,0.0060187802,0.0035255663,0.0084192810,0.11246834,0.10505897,0.12074466,14.683867,14.586479,14.797165,93.786408,93.631414,93.986797,1362.0049,1361.5032,1362.7980,2
2049-07-01,0.0045605291,0.0027324869,0.0074613091,0.10770615,0.10262300,0.11681274,14.619532,14.553959,14.741252,93.676272,93.577413,93.878999,1361.5926,1361.3123,1362.3136,2
2050-07-01,0.0032970205,0.0026110467,0.0059230332,0.10387944,0.10236657,0.11139244,14.568903,14.550746,14.666722,93.594218,93.572973,93.745778,1361.3164,1361.3027,1361.7773,2
2051-07-01,0.0026473855,0.0025929880,0.0042881903,0.10226102,0.10225859,0.10619231,14.548797,14.548972,14.597079,93.567402,93.568563,93.629196,1361.2670,1361.2770,1361.3586,2
2052-07-01,0.0028349926,0.0025977554,0.0051548724,0.10341770,0.10225092,0.11104078,14.566256,14.549210,14.668872,93.605204,93.570483,93.779236,1361.4614,1361.2944,1362.1018,2
2053-07-01,0.0038078547,0.0026169223,0.0069571553,0.10699774,0.10242413,0.11686216,14.615862,14.551716,14.747203,93.695480,93.575474,93.911967,1361.8352,1361.3177,1362.5895,2
2054-07-01,0.0052564523,0.0030499015,0.0083478146,0.11185769,0.10442437,0.12120604,14.681719,14.581024,14.805202,93.809066,93.635550,94.008299,1362.2659,1361.6089,1362.9302,2
2055-07-01,0.0067139869,0.0040249972,0.0088583159,0.11642813,0.10808489,0.12260797,14.742522,14.631871,14.823321,93.909063,93.728600,94.035778,1362.6128,1361.9974,1363.0094,2
2056-07-01,0.0077097338,0.0052745566,0.0088448814,0.11922995,0.11227649,0.12251435,14.778577,14.688517,14.821754,93.963000,93.825621,94.031780,1362.7625,1362.3608,1362.9856,2
2057-07-01,0.0079145530,0.0057097198,0.0088708559,0.11933630,0.11222041,0.12264128,14.777960,14.682388,14.823568,93.953053,93.791891,94.035309,1362.6658,1362.0790,1363.0016,2
2058-07-01,0.0072649006,0.0044182335,0.0088612132,0.11672184,0.10787898,0.12258491,14.741003,14.623950,14.822623,93.882722,93.692827,94.032889,1362.3552,1361.7148,1362.9872,2
2059-07-01,0.0059714676,0.0032442702,0.0086396258,0.11223521,0.10415903,0.12148971,14.679714,14.574199,14.806085,93.774892,93.609847,93.997006,1361.9322,1361.4189,1362.8022,2
2060-07-01,0.0044496445,0.0026200511,0.0076915674,0.10731864,0.10230364,0.11755187,14.613793,14.549725,14.750141,93.664234,93.570500,93.889379,1361.5327,1361.2886,1362.3200,2
2061-07-01,0.0031994212,0.0026085569,0.0061301745,0.10358604,0.10223196,0.11202446,14.564861,14.548623,14.674354,93.586949,93.568035,93.754861,1361.2869,1361.2755,1361.7845,2
2062-07-01,0.0026176206,0.0026029750,0.0045381819,0.10221709,0.10221683,0.10710495,14.548338,14.548392,14.609525,93.567194,93.567526,93.650990,1361.2700,1361.2729,1361.4434,2
2063-07-01,0.0028850616,0.0025904208,0.0056748821,0.10362765,0.10221128,0.11270946,14.569169,14.548627,14.690788,93.610519,93.569283,93.813993,1361.4835,1361.2885,1362.2134,2
2064-07-01,0.0039084700,0.0025860049,0.0073737215,0.10733816,0.10229884,0.11813260,14.620275,14.549733,14.763355,93.702209,93.570806,93.935187,1361.8548,1361.2917,1362.6466,2
2065-07-01,0.0053404439,0.0029551268,0.0084776619,0.11209313,0.10404602,0.12150361,14.684360,14.575608,14.808027,93.811221,93.624953,94.007898,1362.2581,1361.5604,1362.8936,2
2066-07-01,0.0067111255,0.0038542181,0.0086220820,0.11633634,0.10746529,0.12171221,14.740458,14.623139,14.810103,93.901919,93.712077,94.008264,1362.5618,1361.9250,1362.8736,2
2067-07-01,0.0075732094,0.0050368719,0.0085784584,0.11868615,0.11145599,0.12153436,14.770315,14.677030,14.807505,93.944843,93.804196,94.002965,1362.6676,1362.2688,1362.8481,2
2068-07-01,0.0076479727,0.0052232639,0.0085940898,0.11838524,0.11049261,0.12168878,14.764320,14.658767,14.810007,93.926233,93.750263,94.009047,1362.5421,1361.9152,1362.8829,2
2069-07-01,0.0069151113,0.0039331417,0.0085227418,0.11554873,0.10633567,0.12141677,14.724669,14.603108,14.806073,93.852622,93.657167,94.001182,1362.2282,1361.5814,1362.8459,2
2070-07-01,0.0056168193,0.0029341318,0.0083239264,0.11110906,0.10322097,0.12053334,14.664377,14.561685,14.792997,93.748088,93.589101,93.973836,1361.8282,1361.3457,1362.7103,2
2071-07-01,0.0041721479,0.0025473219,0.0074713779,0.10649627,0.10214574,0.11694594,14.602847,14.547742,14.742012,93.646192,93.567745,93.875678,1361.4698,1361.2826,1362.2701,2
2072-07-01,0.0030373753,0.0025509397,0.0060152229,0.10316299,0.10213730,0.11176892,14.559431,14.547573,14.671081,93.578879,93.567220,93.750010,1361.2648,1361.2791,1361.7714,2
2073-07-01,0.0025683122,0.0025634173,0.0047129091,0.10214410,0.10214169,0.10811165,14.547565,14.547557,14.624915,93.566779,93.566871,93.685095,1361.2746,1361.2756,1361.6230,2
2074-07-01,0.0028894356,0.0025521152,0.0058884162,0.10367837,0.10211856,0.11334757,14.569864,14.547383,14.699062,93.611737,93.567179,93.826648,1361.4882,1361.2808,1362.2506,2
2075-07-01,0.0038716762,0.0025356829,0.0073032718,0.10718811,0.10214326,0.11780128,14.618037,14.547415,14.758518,93.697454,93.565879,93.925344,1361.8308,1361.2668,1362.5993,2
2076-07-01,0.0051794961,0.0028224058,0.0080397440,0.11148396,0.10353136,0.11996788,14.675803,14.568281,14.787063,93.795155,93.610783,93.971086,1362.1885,1361.4964,1362.7496,2
2077-07-01,0.0063695600,0.0035866037,0.0079738335,0.11511675,0.10647952,0.11973409,14.723714,14.609405,14.784356,93.872107,93.686764,93.968450,1362.4426,1361.8182,1362.7532,2
2078-07-01,0.0070566428,0.0046275113,0.0079239402,0.11691810,0.11001304,0.11947822,14.746394,14.657251,14.780527,93.903763,93.769113,93.960282,1362.5130,1362.1293,1362.7118,2
2079-07-01,0.0070227627,0.0045488517,0.0078942120,0.11632450,0.10834688,0.11940159,14.736777,14.630154,14.779549,93.880401,93.702920,93.958854,1362.3794,1361.7490,1362.7081,2
2080-07-01,0.0062834642,0.0034272345,0.0077860720,0.11354390,0.10477828,0.11898346,14.698180,14.582449,14.773532,93.809887,93.623455,93.946949,1362.0858,1361.4663,1362.6528,2
2081-07-01,0.0050862778,0.0026782790,0.0076305375,0.10950288,0.10249113,0.11838356,14.643438,14.552112,14.764933,93.715553,93.573945,93.930073,1361.7286,1361.2972,1362.5752,2
2082-07-01,0.0038136204,0.0025270614,0.0069276557,0.10548655,0.10216636,0.11537023,14.589932,14.548176,14.721991,93.627235,93.569148,93.846931,1361.4200,1361.2923,1362.1996,2
2083-07-01,0.0028627718,0.0025109707,0.0056764708,0.10274134,0.10210501,0.11089584,14.554247,14.547366,14.660538,93.572219,93.567846,93.737409,1361.2547,1361.2880,1361.7607,2
2084-07-01,0.0025173834,0.0025136171,0.0047148878,0.10207435,0.10206706,0.10858732,14.546852,14.546752,14.633547,93.566541,93.566361,93.709462,1361.2802,1361.2795,1361.7785,2
2085-07-01,0.0028618742,0.0025053691,0.0058224415,0.10360918,0.10201452,0.11306834,14.568924,14.546030,14.695585,93.610103,93.565082,93.822017,1361.4819,1361.2744,1362.2422,2
2086-07-01,0.0037549144,0.0024859815,0.0069004560,0.10675651,0.10201112,0.11640816,14.612136,14.545616,14.740283,93.687061,93.562730,93.896733,1361.7900,1361.2546,1362.5098,2
2087-07-01,0.0048864107,0.0026930514,0.0072977979,0.11043581,0.10303409,0.11749252,14.661730,14.561215,14.754503,93.771475,93.597178,93.919251,1362.1026,1361.4354,1362.5819,2
2088-07-01,0.0058815477,0.0033131401,0.0071973574,0.11343533,0.10546665,0.11725688,14.701424,14.595378,14.751719,93.835851,93.661269,93.916218,1362.3197,1361.7128,1362.5821,2
2089-07-01,0.0064122348,0.0041952407,0.0071187956,0.11477289,0.10848418,0.11697869,14.718251,14.636527,14.748504,93.859295,93.733364,93.913123,1362.3715,1361.9937,1362.5867,2
2090-07-01,0.0063156340,0.0039234080,0.0070934231,0.11404818,0.10639805,0.11683347,14.707205,14.604526,14.746252,93.834974,93.662106,93.908007,1362.2443,1361.6167,1362.5591,2
2091-07-01,0.0056298912,0.0030247547,0.0069845095,0.11151825,0.10357357,0.11637771,14.672145,14.566648,14.739568,93.771155,93.598458,93.894269,1361.9800,1361.3865,1362.4923,2
2092-07-01,0.0045762946,0.0025190560,0.0068917870,0.10799675,0.10207166,0.11610328,14.624322,14.546707,14.735903,93.688213,93.565815,93.888175,1361.6624,1361.2743,1362.4707,2
2093-07-01,0.0034958412,0.0025277999,0.0063542634,0.10461925,0.10218784,0.11371728,14.579143,14.548381,14.701665,93.612805,93.569118,93.820911,1361.3931,1361.2896,1362.1610,2
2094-07-01,0.0027216442,0.0025003392,0.0053186653,0.10242035,0.10215104,0.10997376,14.550446,14.548192,14.649901,93.568028,93.570135,93.727156,1361.2546,1361.3024,1361.7757,2
2095-07-01,0.0024843685,0.0024806939,0.0046678512,0.10204541,0.10203212,0.10882529,14.546661,14.546461,14.638934,93.567072,93.566644,93.728150,1361.2880,1361.2858,1361.9119,2
2096-07-01,0.0028413382,0.0024716161,0.0056891127,0.10355488,0.10194704,0.11259140,14.568255,14.545193,14.690091,93.609234,93.563962,93.816818,1361.4806,1361.2723,1362.2510,2
2097-07-01,0.0036574182,0.0024553133,0.0064910304,0.10639912,0.10194244,0.11503676,14.607479,14.544821,14.723059,93.679857,93.561945,93.873012,1361.7682,1361.2555,1362.4597,2
2098-07-01,0.0046577756,0.0026054093,0.0066476112,0.10962972,0.10269196,0.11536733,14.651330,14.556353,14.727282,93.755849,93.587809,93.879224,1362.0588,1361.3933,1362.4762,2
2099-07-01,0.0055152273,0.0031154071,0.0066211768,0.11219538,0.10473267,0.11535483,14.685579,14.585278,14.727428,93.812740,93.643195,93.880845,1362.2601,1361.6399,1362.4914,2
